# name: debug
# type: sparse matrix
# nnz: 1764
# rows: 42
# columns: 42

1 1 25388965.166531488
2 1 -305650.913426780
3 1 11696551.251963079
4 1 844200.811643992
5 1 -53019251.418566212
6 1 -3256834.745224725
7 1 -6606952.774850970
8 1 1914570.710170162
9 1 -2034036.650015719
10 1 2412001.079044080
11 1 13190544.307624945
12 1 3444680.305417554
13 1 -4950796.661365146
14 1 1113926.686102686
15 1 -1828961.841890240
16 1 1467204.256950536
17 1 10542083.232960723
18 1 2244851.880197554
19 1 -2766926.997624104
20 1 -434737.642312049
21 1 -1702928.725615141
22 1 -1194729.544854853
23 1 7446619.529551679
24 1 94829.563346436
25 1 -1904778.000885494
26 1 -410812.650166880
27 1 -959571.075066414
28 1 -1083810.055581578
29 1 5388071.362400411
30 1 -119248.770334325
31 1 -1891667.260362939
32 1 -336582.394575258
33 1 -897349.793871887
34 1 -885618.233926584
35 1 5297047.539727405
36 1 -55625.347917533
37 1 -1704375.150072169
38 1 -362107.101041865
39 1 -787297.286689039
40 1 -951614.899171768
41 1 4792345.302503205
42 1 -76651.944558750
1 2 -305650.913426801
2 2 45770992.467883967
3 2 3208737.738570849
4 2 61318516.849098817
5 2 -2126632.477061165
6 2 34340347.505927466
7 2 1809802.778170471
8 2 -24593508.362774961
9 2 -53802.778432220
10 2 -34525491.099584080
11 2 -2708450.610036098
12 2 -21739438.314285055
13 2 899885.052157166
14 2 -16761348.750243813
15 2 -490717.238515731
16 2 -25374794.030719113
17 2 -1159246.598717866
18 2 -16055385.662972812
19 2 -547169.186601148
20 2 -1213114.604359081
21 2 -456114.993135643
22 2 -2739656.826455186
23 2 1462119.717080467
24 2 -873939.235956453
25 2 -741372.834305608
26 2 1079810.067793043
27 2 -241557.144262292
28 2 2356564.522955570
29 2 1843268.623100325
30 2 1649527.279553283
31 2 -593820.289339254
32 2 1067956.230010053
33 2 -197705.996338583
34 2 2369764.157212952
35 2 1483383.855859755
36 2 1449806.819362932
37 2 -691774.430445099
38 2 1188201.378317320
39 2 -195229.172574561
40 2 2708608.051487499
41 2 1718821.039415076
42 2 1560031.171071325
1 3 11696551.251963079
2 3 3208737.738570855
3 3 15889742.752379406
4 3 5776681.690494766
5 3 -30780410.144530941
6 3 1282431.665417182
7 3 -2520519.090410634
8 3 137194.989186678
9 3 -3120038.377043725
10 3 -171962.587624126
11 3 6327363.356922152
12 3 711630.876688032
13 3 -2510403.373757089
14 3 -190015.772579990
15 3 -2555114.981407674
16 3 -624031.065825724
17 3 6196968.021367945
18 3 438524.356519331
19 3 -2546962.058390366
20 3 -490718.819976664
21 3 -1604305.690395033
22 3 -1305919.689040145
23 3 6846524.251465733
24 3 61515.496917783
25 3 -1841073.667254583
26 3 -310077.187657971
27 3 -881379.023480405
28 3 -867675.544797320
29 3 5131464.082503606
30 3 45888.779631732
31 3 -1804563.431072733
32 3 -260624.425301399
33 3 -832231.715939862
34 3 -727867.528262343
35 3 5004456.058180219
36 3 41286.596891391
37 3 -1644562.062576804
38 3 -259390.935718911
39 3 -724921.188290339
40 3 -731695.635142482
41 3 4563464.618789990
42 3 57091.800183735
1 4 844200.811643970
2 4 61318516.849098898
3 4 5776681.690494765
4 4 84300602.476864770
5 4 -5847837.950544231
6 4 48212967.944630474
7 4 2016782.618461680
8 4 -32649860.616005715
9 4 -425075.438031430
10 4 -46698105.047365561
11 4 -2780879.072170336
12 4 -29876853.957659863
13 4 875375.667822073
14 4 -22516113.407989126
15 4 -976204.318306523
16 4 -34662198.532629870
17 4 -806765.109238492
18 4 -21593625.367609736
19 4 -1005066.896013870
20 4 -1843978.769793759
21 4 -808865.427473049
22 4 -4275611.220490974
23 4 2640066.189082637
24 4 -1105016.341561137
25 4 -1118408.604027044
26 4 1337959.582665036
27 4 -403364.318102265
28 4 2849716.800608719
29 4 2796150.654653715
30 4 2301223.207582359
31 4 -886544.010835420
32 4 1344243.695680454
33 4 -324760.679021313
34 4 2934546.141798441
35 4 2225519.128382899
36 4 1989780.971536397
37 4 -1021968.606520091
38 4 1512339.411900826
39 4 -322932.428438370
40 4 3408036.507608062
41 4 2554076.324148393
42 4 2146903.088586370
1 5 -53019251.418566242
2 5 -2126632.477061179
3 5 -30780410.144530967
4 5 -5847837.950544252
5 5 115887046.443878263
6 5 2938444.741592932
7 5 12989449.310061676
8 5 -2855066.067426132
9 5 5472997.407676892
10 5 -3375474.751509217
11 5 -27234970.574624099
12 5 -5520262.159946358
13 5 10175550.995925013
14 5 -1526267.689563865
15 5 4861826.974555627
16 5 -1729982.573681052
17 5 -22615489.164572075
18 5 -3444431.771535230
19 5 6666684.928158699
20 5 1089206.416370859
21 5 4121431.850603991
22 5 2945276.277437206
23 5 -17973473.295877445
24 5 -162970.420503127
25 5 4739104.354318382
26 5 884005.583656393
27 5 2324692.357959957
28 5 2385733.047236437
29 5 -13351452.205518540
30 5 130355.688511987
31 5 4670268.815745244
32 5 733096.427231292
33 5 2179192.101100374
34 5 1972793.242723666
35 5 -13047510.129529886
36 5 37689.777368512
37 5 4232456.827609234
38 5 764647.076219031
39 5 1905853.810299542
40 5 2063016.174980310
41 5 -11856283.040106498
42 5 47255.392620217
1 6 -3256834.745224740
2 6 34340347.505927466
3 6 1282431.665417175
4 6 48212967.944630444
5 6 2938444.741592950
6 6 54027786.655001946
7 6 3299100.171694995
8 6 -22442270.578893945
9 6 432437.640208780
10 6 -33280744.619054481
11 6 -5276642.190890766
12 6 -32118829.981010232
13 6 1931142.361818208
14 6 -16737975.111769060
15 6 -53321.110055924
16 6 -26103803.663912233
17 6 -2827865.055342737
18 6 -22288645.510633666
19 6 -304228.418220831
20 6 -1163283.526965286
21 6 -275486.433236379
22 6 -2486963.589676766
23 6 878872.889992790
24 6 -1187264.376745265
25 6 -720948.743799108
26 6 1451260.152005346
27 6 -187514.766394447
28 6 3288528.552196939
29 6 1785324.336893567
30 6 1885609.719606545
31 6 -577586.415716330
32 6 1384298.033211410
33 6 -162374.557148955
34 6 3151279.758917280
35 6 1435629.272417701
36 6 1683994.258412644
37 6 -691717.972394341
38 6 1527433.961346804
39 6 -159115.398347286
40 6 3556222.593887569
41 6 1709011.644768846
42 6 1809777.281929199
1 7 -6606952.774850970
2 7 1809802.778170471
3 7 -2520519.090410634
4 7 2016782.618461680
5 7 12989449.310061676
6 7 3299100.171694995
7 7 29554906.083851006
8 7 -1034326.865384254
9 7 13775274.876464309
10 7 402773.957890380
11 7 -63650481.098479301
12 7 -4773629.713154347
13 7 -6741608.111050603
14 7 1796997.752099739
15 7 -2908665.125370665
16 7 2304838.723776993
17 7 14331856.432901518
18 7 3638898.069893350
19 7 -3932242.492735095
20 7 -314655.900577458
21 7 -2315489.082585427
22 7 -1109334.931181730
23 7 10417467.075681727
24 7 618213.393681851
25 7 -2565303.225047507
26 7 -394350.555325709
27 7 -1248867.867007791
28 7 -1115799.223414452
29 7 7158787.036600973
30 7 98655.993777289
31 7 -2344329.286249724
32 7 -319980.091240278
33 7 -1093209.550933571
34 7 -911553.840835965
35 7 6508354.757530509
36 7 120106.653457754
37 7 -2215527.750690129
38 7 -341288.604140595
39 7 -1003295.873970228
40 7 -966731.730042449
41 7 6173319.451631689
42 7 92313.563487478
1 8 1914570.710170162
2 8 -24593508.362774961
3 8 137194.989186678
4 8 -32649860.616005715
5 8 -2855066.067426132
6 8 -22442270.578893945
7 8 -1034326.865384256
8 8 53455066.946296334
9 8 3386377.443524943
10 8 75413573.241024449
11 8 -1212199.684043296
12 8 43012221.386911228
13 8 1628583.741497739
14 8 -22852155.084160160
15 8 -404758.573146927
16 8 -34212383.778234094
17 8 -2234341.467433622
18 8 -22400219.828514151
19 8 -480289.797498864
20 8 -2774341.304459646
21 8 -629808.573914468
22 8 -5904711.478948087
23 8 1469179.386495294
24 8 -2611935.841608170
25 8 -796195.222661414
26 8 468530.668790230
27 8 -319989.321177797
28 8 845064.228918990
29 8 2038999.326867471
30 8 1049353.107373336
31 8 -651353.806579046
32 8 395850.695844717
33 8 -256259.523836154
34 8 731240.363431446
35 8 1672460.775043315
36 8 844161.392874940
37 8 -755665.340288818
38 8 636034.649690441
39 8 -258334.854300002
40 8 1324921.227949900
41 8 1935536.547544416
42 8 1101554.966739196
1 9 -2034036.650015719
2 9 -53802.778432220
3 9 -3120038.377043725
4 9 -425075.438031430
5 9 5472997.407676892
6 9 432437.640208780
7 9 13775274.876464307
8 9 3386377.443524951
9 9 17613925.179070834
10 9 6503359.912615037
11 9 -35527772.619037338
12 9 809425.726152931
13 9 -3330875.097987116
14 9 -144875.962349110
15 9 -3166795.304293834
16 9 -674546.010244431
17 9 8136531.236999203
18 9 542788.277380358
19 9 -3261218.266268044
20 9 -528470.268240287
21 9 -2051839.980086699
22 9 -1504542.819388567
23 9 8711260.093591860
24 9 277708.981832577
25 9 -2253716.092676573
26 9 -304755.947389581
27 9 -1083758.971086028
28 9 -903387.604596772
29 9 6232255.531949946
30 9 186555.667525714
31 9 -2052027.443785358
32 9 -249231.372550530
33 9 -950004.782408124
34 9 -741819.899340604
35 9 5657161.656170594
36 9 169182.474002188
37 9 -1960490.655310891
38 9 -246948.029021456
39 9 -868109.702906159
40 9 -741269.027926797
41 9 5411683.288350641
42 9 178318.495568135
1 10 2412001.079044080
2 10 -34525491.099584080
3 10 -171962.587624126
4 10 -46698105.047365561
5 10 -3375474.751509217
6 10 -33280744.619054481
7 10 402773.957890371
8 10 75413573.241024494
9 10 6503359.912615032
10 10 109326537.843834490
11 10 -5960405.044625398
12 10 64239156.368519895
13 10 1823127.714916765
14 10 -32214798.852035653
15 10 -1000363.617927461
16 10 -48989648.143752187
17 10 -2128697.952389888
18 10 -31961851.024365600
19 10 -1095050.084255835
20 10 -4204410.142263207
21 10 -1181243.861363474
22 10 -9160487.038347933
23 10 3112165.554652245
24 10 -3562396.974726357
25 10 -1327409.708235854
26 10 517725.617243843
27 10 -564188.521270726
28 10 767146.132106472
29 10 3410431.860251686
30 10 1590286.660399993
31 10 -1083583.121360517
32 10 446260.512460079
33 10 -448453.464527376
34 10 694486.597908319
35 10 2788773.098580608
36 10 1280928.344721915
37 10 -1236249.476348227
38 10 795458.609601092
39 10 -450338.585052656
40 10 1560756.649543780
41 10 3177136.699940732
42 10 1654805.561075531
1 11 13190544.307624945
2 11 -2708450.610036098
3 11 6327363.356922152
4 11 -2780879.072170336
5 11 -27234970.574624099
6 11 -5276642.190890766
7 11 -63650481.098479301
8 11 -1212199.684043300
9 11 -35527772.619037345
10 11 -5960405.044625406
11 11 141839702.237810403
12 11 5785465.755509030
13 11 14039353.364235606
14 11 -2558012.116857621
15 11 7233587.638044325
16 11 -2955515.397987123
17 11 -31023966.014146108
18 11 -5843571.208071833
19 11 9330879.343642758
20 11 960437.241592826
21 11 5606062.254250281
22 11 3045096.151633923
23 11 -24858437.044250056
24 11 -1149106.194480881
25 11 6294494.546287779
26 11 879877.958455020
27 11 3033983.680011316
28 11 2537017.380504823
29 11 -17546906.109913878
30 11 -329379.291292293
31 11 5736347.533134008
32 11 717715.877811302
33 11 2655556.818298958
34 11 2080270.290410216
35 11 -15917859.464204237
36 11 -346667.117329904
37 11 5451703.401194735
38 11 748402.255790949
39 11 2435676.401194104
40 11 2166471.044177953
41 11 -15167440.643911963
42 11 -317380.094321712
1 12 3444680.305417554
2 12 -21739438.314285055
3 12 711630.876688032
4 12 -29876853.957659863
5 12 -5520262.159946358
6 12 -32118829.981010232
7 12 -4773629.713154341
8 12 43012221.386911266
9 12 809425.726152922
10 12 64239156.368519925
11 12 5785465.755509009
12 12 66066622.610561080
13 12 3341222.779165983
14 12 -22726767.595199134
15 12 142081.127073606
16 12 -34915068.408402741
17 12 -5271580.319071994
18 12 -31041429.794594344
19 12 23552.821140063
20 12 -2904675.767621100
21 12 -330578.829563676
22 12 -5913102.800116131
23 12 285441.537074354
24 12 -3398952.735098111
25 12 -677613.722139163
26 12 743622.923978237
27 12 -231085.863315753
28 12 1569795.709386329
29 12 1736259.993375078
30 12 1103671.768103553
31 12 -549934.586837066
32 12 609735.401787842
33 12 -189275.226583202
34 12 1297584.558434559
35 12 1413767.382183665
36 12 886420.536581423
37 12 -677801.702204115
38 12 893721.521419249
39 12 -196130.808755564
40 12 1998107.343355484
41 12 1733403.886037163
42 12 1193766.955253959
1 13 -4950796.661365146
2 13 899885.052157166
3 13 -2510403.373757089
4 13 875375.667822073
5 13 10175550.995925013
6 13 1931142.361818208
7 13 -6741608.111050603
8 13 1628583.741497739
9 13 -3330875.097987116
10 13 1823127.714916765
11 13 14039353.364235606
12 13 3341222.779165983
13 13 26904247.167577278
14 13 -1428156.555658516
15 13 14572895.673274439
16 13 -462353.503537952
17 13 -60966648.117839530
18 13 -5402133.581703939
19 13 -4464855.655873913
20 13 180215.194861879
21 13 -2389377.418207007
22 13 -126708.546250353
23 13 11596302.157092761
24 13 1393168.674037895
25 13 -2885512.411386428
26 13 -172041.807566877
27 13 -1334533.083819298
28 13 -619775.172122820
29 13 7939417.593364843
30 13 413770.083676023
31 13 -2715586.480622450
32 13 -97926.111679805
33 13 -1200011.807226410
34 13 -395552.996760645
35 13 7480870.610753865
36 13 333397.069876460
37 13 -2540669.369543383
38 13 -163820.388501279
39 13 -1100677.100855952
40 13 -567453.630935380
41 13 7002847.776754546
42 13 342201.886712408
1 14 1113926.686102686
2 14 -16761348.750243813
3 14 -190015.772579990
4 14 -22516113.407989126
5 14 -1526267.689563865
6 14 -16737975.111769060
7 14 1796997.752099739
8 14 -22852155.084160160
9 14 -144875.962349110
10 14 -32214798.852035653
11 14 -2558012.116857621
12 14 -22726767.595199134
13 14 -1428156.555658522
14 14 48028941.742497623
15 14 3261300.385298753
16 14 73243727.777807891
17 14 64026.673061893
18 14 46105472.801562630
19 14 11168.907406031
20 14 -5318359.527791096
21 14 -651309.772641179
22 14 -10883792.515386593
23 14 514932.852070822
24 14 -5742476.786419271
25 14 -576834.055010931
26 14 -858699.798022116
27 14 -355487.313721103
28 14 -2191624.815834118
29 14 1571534.327366261
30 14 -433145.358542382
31 14 -439152.735747357
32 14 -830694.123651179
33 14 -269494.099864742
34 14 -2078804.340778620
35 14 1208277.628187604
36 14 -520737.380898980
37 14 -601168.365085903
38 14 -531153.792536398
39 14 -300796.329866347
40 14 -1439167.198369285
41 14 1610619.698102680
42 14 -96816.024662007
1 15 -1828961.841890240
2 15 -490717.238515731
3 15 -2555114.981407674
4 15 -976204.318306523
5 15 4861826.974555627
6 15 -53321.110055924
7 15 -2908665.125370665
8 15 -404758.573146927
9 15 -3166795.304293834
10 15 -1000363.617927461
11 15 7233587.638044325
12 15 142081.127073606
13 15 14572895.673274435
14 15 3261300.385298745
15 15 15054321.279405825
16 15 6589746.508917494
17 15 -36602666.870727904
18 15 398326.830476057
19 15 -3236553.492364971
20 15 -365181.381592917
21 15 -2020813.527946970
22 15 -1159787.446852929
23 15 8611496.925773885
24 15 459358.079883037
25 15 -2305776.560683486
26 15 -209245.585599984
27 15 -1104430.869091192
28 15 -678633.666323890
29 15 6336359.790983948
30 15 304818.678901197
31 15 -2157941.206794249
32 15 -137677.243679036
33 15 -985760.696475494
34 15 -464881.465890908
35 15 5936293.572887668
36 15 249052.619169687
37 15 -2054663.809162273
38 15 -170248.260487465
39 15 -905450.397854849
40 15 -561114.479773582
41 15 5645492.808445577
42 15 283926.510304341
1 16 1467204.256950536
2 16 -25374794.030719113
3 16 -624031.065825724
4 16 -34662198.532629870
5 16 -1729982.573681052
6 16 -26103803.663912233
7 16 2304838.723776993
8 16 -34212383.778234094
9 16 -674546.010244431
10 16 -48989648.143752187
11 16 -2955515.397987123
12 16 -34915068.408402741
13 16 -462353.503537970
14 16 73243727.777807981
15 16 6589746.508917489
16 16 114092195.103980780
17 16 -3892597.833101945
18 16 71391943.521865383
19 16 -419691.107433124
20 16 -8260944.111461141
21 16 -1276968.131080719
22 16 -17196780.226439826
23 16 1826115.470827092
24 16 -8439179.847095514
25 16 -1094583.991127438
26 16 -1442648.244300390
27 16 -652386.760085309
28 16 -3769353.011073846
29 16 2932491.159764866
30 16 -535189.614048537
31 16 -821998.831418249
32 16 -1352048.520660422
33 16 -485340.876400632
34 16 -3461302.219033999
35 16 2216700.661038418
36 16 -686754.139475939
37 16 -1100499.639910572
38 16 -923034.030013103
39 16 -545400.986196432
40 16 -2553595.820596487
41 16 2919842.292980889
42 16 -36038.020638125
1 17 10542083.232960723
2 17 -1159246.598717866
3 17 6196968.021367945
4 17 -806765.109238492
5 17 -22615489.164572075
6 17 -2827865.055342737
7 17 14331856.432901518
8 17 -2234341.467433622
9 17 8136531.236999203
10 17 -2128697.952389888
11 17 -31023966.014146108
12 17 -5271580.319071994
13 17 -60966648.117839545
14 17 64026.673061897
15 17 -36602666.870727926
16 17 -3892597.833101961
17 17 141387137.310896486
18 17 7336177.996953780
19 17 10496648.830400465
20 17 42513.043730546
21 17 5876935.445104368
22 17 1210448.974632515
23 17 -27553310.238003097
24 17 -2580540.168702685
25 17 7064403.761674359
26 17 460797.252303497
27 17 3293177.225907058
28 17 1591104.064283204
29 17 -19488545.107920054
30 17 -935160.305752579
31 17 6647808.504009696
32 17 279905.369149404
33 17 2959922.429045730
34 17 1044952.629027695
35 17 -18354954.661923662
36 17 -754495.412916551
37 17 6252525.163547923
38 17 413365.809254687
39 17 2715098.776773141
40 17 1408367.849969518
41 17 -17261713.533054821
42 17 -810027.022229068
1 18 2244851.880197554
2 18 -16055385.662972812
3 18 438524.356519331
4 18 -21593625.367609736
5 18 -3444431.771535230
6 18 -22288645.510633666
7 18 3638898.069893350
8 18 -22400219.828514151
9 18 542788.277380358
10 18 -31961851.024365600
11 18 -5843571.208071833
12 18 -31041429.794594344
13 18 -5402133.581703953
14 18 46105472.801562615
15 18 398326.830476053
16 18 71391943.521865353
17 18 7336177.996953799
18 18 63170070.838871084
19 18 733970.674820108
20 18 -5917016.825727115
21 18 -318976.306891630
22 18 -11759396.222389137
23 18 -1107775.642817211
24 18 -7305934.108418216
25 18 -358512.779146149
26 18 -837732.058642994
27 18 -248866.108157621
28 18 -2032079.791025101
29 18 1049789.564107515
30 18 -723520.805340017
31 18 -295738.519501995
32 18 -868276.556130129
33 18 -201058.188806904
34 18 -2084049.208160111
35 18 873599.707015135
36 18 -772345.928499728
37 18 -437330.691137068
38 18 -484808.702133482
39 18 -222788.343457220
40 18 -1245008.057679660
41 18 1215497.350350022
42 18 -291580.019135360
1 19 -2766926.997624104
2 19 -547169.186601148
3 19 -2546962.058390366
4 19 -1005066.896013870
5 19 6666684.928158699
6 19 -304228.418220831
7 19 -3932242.492735095
8 19 -480289.797498864
9 19 -3261218.266268044
10 19 -1095050.084255835
11 19 9330879.343642758
12 19 23552.821140063
13 19 -4464855.655873913
14 19 11168.907406031
15 19 -3236553.492364971
16 19 -419691.107433124
17 19 10496648.830400465
18 19 733970.674820108
19 19 27154515.065645285
20 19 -514849.302644997
21 19 15533155.621993983
22 19 1522324.314918312
23 19 -73287595.884496450
24 19 -5332996.854668009
25 19 -5286494.989587260
26 19 508233.740472599
27 19 -2100572.351790011
28 19 806800.128057065
29 19 14366351.899446337
30 19 1503014.032354103
31 19 -5710214.275773481
32 19 387725.779158233
33 19 -2480373.122040239
34 19 495826.994298272
35 19 17028491.707667507
36 19 1073902.136330687
37 19 -5682756.306242748
38 19 202941.521465285
39 19 -2281726.617230222
40 19 130849.509300432
41 19 15474088.442441128
42 19 1148097.574865347
1 20 -434737.642312049
2 20 -1213114.604359081
3 20 -490718.819976664
4 20 -1843978.769793759
5 20 1089206.416370859
6 20 -1163283.526965286
7 20 -314655.900577458
8 20 -2774341.304459646
9 20 -528470.268240287
10 20 -4204410.142263207
11 20 960437.241592826
12 20 -2904675.767621100
13 20 180215.194861879
14 20 -5318359.527791096
15 20 -365181.381592917
16 20 -8260944.111461141
17 20 42513.043730546
18 20 -5917016.825727115
19 20 -514849.302644987
20 20 31159062.954454783
21 20 2689852.398189428
22 20 63602144.947800756
23 20 -1767655.556237902
24 20 35100083.964996196
25 20 466885.978853033
26 20 -7998810.884648135
27 20 -570822.660802135
28 20 -18619747.418419920
29 20 -488941.700666529
30 20 -8299871.279036863
31 20 417705.612866617
32 20 -7510350.477926960
33 20 -418651.856845199
34 20 -17598748.566772975
35 20 -359981.275722700
36 20 -7587500.444561088
37 20 -73742.700855133
38 20 -6286641.582041930
39 20 -703469.706878500
40 20 -15036791.611436890
41 20 809135.560864144
42 20 -5792628.075542725
1 21 -1702928.725615141
2 21 -456114.993135643
3 21 -1604305.690395033
4 21 -808865.427473049
5 21 4121431.850603991
6 21 -275486.433236379
7 21 -2315489.082585427
8 21 -629808.573914468
9 21 -2051839.980086699
10 21 -1181243.861363474
11 21 5606062.254250281
12 21 -330578.829563676
13 21 -2389377.418207007
14 21 -651309.772641179
15 21 -2020813.527946970
16 21 -1276968.131080719
17 21 5876935.445104368
18 21 -318976.306891630
19 21 15533155.621993989
20 21 2689852.398189429
21 21 10238680.022413388
22 21 6898703.632222041
23 21 -43360898.444067776
24 21 245331.241319621
25 21 -2823857.260541120
26 21 -436746.970048360
27 21 -1443741.223186859
28 21 -1194568.678096064
29 21 7909937.376912912
30 21 47068.538564792
31 21 -3362173.335831514
32 21 -333811.233993085
33 21 -1773507.723928297
34 21 -969965.107048198
35 21 10569384.758095153
36 21 6482.449716087
37 21 -3310855.960921328
38 21 -525375.141968820
39 21 -1611766.743587818
40 21 -1399874.245869038
41 21 9182202.506348561
42 21 50417.143455660
1 22 -1194729.544854853
2 22 -2739656.826455186
3 22 -1305919.689040145
4 22 -4275611.220490974
5 22 2945276.277437206
6 22 -2486963.589676766
7 22 -1109334.931181730
8 22 -5904711.478948087
9 22 -1504542.819388567
10 22 -9160487.038347933
11 22 3045096.151633923
12 22 -5913102.800116131
13 22 -126708.546250353
14 22 -10883792.515386593
15 22 -1159787.446852929
16 22 -17196780.226439826
17 22 1210448.974632515
18 22 -11759396.222389137
19 22 1522324.314918264
20 22 63602144.947800778
21 22 6898703.632222038
22 22 131941978.691439331
23 22 -10432012.049488470
24 22 69238865.292890906
25 22 522467.704080088
26 22 -16210256.989517901
27 22 -1308258.288196586
28 22 -38195341.700127885
29 22 23677.938286805
30 22 -16348254.437869038
31 22 433990.416852864
32 22 -15130847.446842365
33 22 -997617.646662975
34 22 -35982792.233582057
35 22 1029705.301438903
36 22 -14831879.455305932
37 22 -573525.569541707
38 22 -12782533.803258514
39 22 -1546628.631274218
40 22 -30928581.481462773
41 22 2661910.753445077
42 22 -11301438.071764216
1 23 7446619.529551679
2 23 1462119.717080467
3 23 6846524.251465733
4 23 2640066.189082637
5 23 -17973473.295877445
6 23 878872.889992790
7 23 10417467.075681727
8 23 1469179.386495294
9 23 8711260.093591860
10 23 3112165.554652245
11 23 -24858437.044250056
12 23 285441.537074354
13 23 11596302.157092761
14 23 514932.852070822
15 23 8611496.925773885
16 23 1826115.470827092
17 23 -27553310.238003097
18 23 -1107775.642817211
19 23 -73287595.884496480
20 23 -1767655.556237869
21 23 -43360898.444067754
22 23 -10432012.049488535
23 23 207639770.686384439
24 23 9227895.277540153
25 23 13961917.158655291
26 23 -518843.833652512
27 23 5844912.700612689
28 23 -338999.425138748
29 23 -38417670.861362658
30 23 -2916597.389038245
31 23 16287474.648374779
32 23 -273623.389215810
33 23 7794042.960151340
34 23 994710.006924144
35 23 -57331039.843225688
36 23 -1859334.154156634
37 23 15151810.555453530
38 23 165301.384643444
39 23 6335319.726660093
40 23 1205331.099791794
41 23 -41687941.468940318
42 23 -2167780.887334639
1 24 94829.563346436
2 24 -873939.235956453
3 24 61515.496917783
4 24 -1105016.341561137
5 24 -162970.420503127
6 24 -1187264.376745265
7 24 618213.393681851
8 24 -2611935.841608170
9 24 277708.981832577
10 24 -3562396.974726357
11 24 -1149106.194480881
12 24 -3398952.735098111
13 24 1393168.674037895
14 24 -5742476.786419271
15 24 459358.079883037
16 24 -8439179.847095514
17 24 -2580540.168702685
18 24 -7305934.108418216
19 24 -5332996.854668017
20 24 35100083.964996137
21 24 245331.241319618
22 24 69238865.292890862
23 24 9227895.277540138
24 24 44883125.206283480
25 24 1339983.307754930
26 24 -9411407.971624542
27 24 -349968.348480888
28 24 -21561645.272559732
29 24 -2539589.334752519
30 24 -10688979.929123104
31 24 1019039.095640494
32 24 -8881014.941974023
33 24 -298079.412806354
34 24 -20505863.654975243
35 24 -1485559.161747052
36 24 -9724971.656344486
37 24 697662.431141587
38 24 -7150080.145345183
39 24 -490477.643873878
40 24 -16790721.727057703
41 24 -978757.728241436
42 24 -7510967.931232617
1 25 -1904778.000885494
2 25 -741372.834305608
3 25 -1841073.667254583
4 25 -1118408.604027044
5 25 4739104.354318382
6 25 -720948.743799108
7 25 -2565303.225047507
8 25 -796195.222661414
9 25 -2253716.092676573
10 25 -1327409.708235854
11 25 6294494.546287779
12 25 -677613.722139163
13 25 -2885512.411386428
14 25 -576834.055010931
15 25 -2305776.560683486
16 25 -1094583.991127438
17 25 7064403.761674359
18 25 -358512.779146149
19 25 -5286494.989587260
20 25 466885.978853033
21 25 -2823857.260541120
22 25 522467.704080088
23 25 13961917.158655291
24 25 1339983.307754930
25 25 21599131.165853586
26 25 -762747.844036981
27 25 8981117.540318059
28 25 -215950.584731170
29 25 -58838101.297433987
30 25 -4540478.597864440
31 25 -4930819.451474922
32 25 580152.200859106
33 25 -1808724.993393198
34 25 1080436.926401511
35 25 13268286.851517934
36 25 1215578.012911428
37 25 -4938249.228675069
38 25 701109.900193506
39 25 -1684247.038560800
40 25 1332908.366530824
41 25 13331924.600598061
42 25 1490984.837894304
1 26 -410812.650166880
2 26 1079810.067793043
3 26 -310077.187657971
4 26 1337959.582665036
5 26 884005.583656393
6 26 1451260.152005346
7 26 -394350.555325709
8 26 468530.668790230
9 26 -304755.947389581
10 26 517725.617243843
11 26 879877.958455020
12 26 743622.923978237
13 26 -172041.807566877
14 26 -858699.798022116
15 26 -209245.585599984
16 26 -1442648.244300390
17 26 460797.252303497
18 26 -837732.058642994
19 26 508233.740472599
20 26 -7998810.884648135
21 26 -436746.970048360
22 26 -16210256.989517901
23 26 -518843.833652512
24 26 -9411407.971624542
25 26 -762747.844036991
26 26 25550717.669115636
27 26 1536533.609955805
28 26 59877513.076405652
29 26 335087.046954747
30 26 26209221.503396474
31 26 523029.841328699
32 26 -9346794.560639048
33 26 -327983.911006987
34 26 -21935232.944317807
35 26 -864592.438570234
36 26 -9810809.963243961
37 26 688647.859781455
38 26 -9215509.760874318
39 26 -344220.952057605
40 26 -22130245.550920207
41 26 -1239102.861586164
42 26 -9304774.917969992
1 27 -959571.075066414
2 27 -241557.144262292
3 27 -881379.023480405
4 27 -403364.318102265
5 27 2324692.357959957
6 27 -187514.766394447
7 27 -1248867.867007791
8 27 -319989.321177797
9 27 -1083758.971086028
10 27 -564188.521270726
11 27 3033983.680011316
12 27 -231085.863315753
13 27 -1334533.083819298
14 27 -355487.313721103
15 27 -1104430.869091192
16 27 -652386.760085309
17 27 3293177.225907058
18 27 -248866.108157621
19 27 -2100572.351790011
20 27 -570822.660802135
21 27 -1443741.223186859
22 27 -1308258.288196586
23 27 5844912.700612689
24 27 -349968.348480888
25 27 8981117.540318061
26 27 1536533.609955818
27 27 4651565.037531179
28 27 4160835.952521581
29 27 -25127378.643432282
30 27 -119136.462223553
31 27 -1881480.678805116
32 27 -293831.568892997
33 27 -983660.423921326
34 27 -755398.295857126
35 27 5305277.592210065
36 27 -29817.141562174
37 27 -1855535.167240318
38 27 -317694.597023426
39 27 -919377.788159755
40 27 -842743.302587016
41 27 5229605.509239420
42 27 -10936.576536486
1 28 -1083810.055581578
2 28 2356564.522955570
3 28 -867675.544797320
4 28 2849716.800608719
5 28 2385733.047236437
6 28 3288528.552196939
7 28 -1115799.223414452
8 28 845064.228918990
9 28 -903387.604596772
10 28 767146.132106472
11 28 2537017.380504823
12 28 1569795.709386329
13 28 -619775.172122820
14 28 -2191624.815834118
15 28 -678633.666323890
16 28 -3769353.011073846
17 28 1591104.064283204
18 28 -2032079.791025101
19 28 806800.128057065
20 28 -18619747.418419920
21 28 -1194568.678096064
22 28 -38195341.700127885
23 28 -338999.425138748
24 28 -21561645.272559732
25 28 -215950.584731164
26 28 59877513.076405711
27 28 4160835.952521545
28 28 142260986.738959402
29 28 -3060071.890164953
30 28 59570038.419445835
31 28 919080.384544948
32 28 -21694335.061915435
33 28 -825475.174793914
34 28 -51569489.205392919
35 28 -1292686.747263881
36 28 -22318275.999596868
37 28 1243368.602880342
38 28 -21569687.250490904
39 28 -883678.635248246
40 28 -52403502.618505232
41 28 -2022893.165985035
42 28 -21366382.948644936
1 29 5388071.362400411
2 29 1843268.623100325
3 29 5131464.082503606
4 29 2796150.654653715
5 29 -13351452.205518540
6 29 1785324.336893567
7 29 7158787.036600973
8 29 2038999.326867471
9 29 6232255.531949946
10 29 3410431.860251686
11 29 -17546906.109913878
12 29 1736259.993375078
13 29 7939417.593364843
14 29 1571534.327366261
15 29 6336359.790983948
16 29 2932491.159764866
17 29 -19488545.107920054
18 29 1049789.564107515
19 29 14366351.899446337
20 29 -488941.700666529
21 29 7909937.376912912
22 29 23677.938286805
23 29 -38417670.861362658
24 29 -2539589.334752519
25 29 -58838101.297433950
26 29 335087.046954690
27 29 -25127378.643432274
28 29 -3060071.890165028
29 29 161869327.559362382
30 29 9851778.825643642
31 29 13265302.117076878
32 29 -1016595.919855556
33 29 5115820.131724553
34 29 -1711445.796663053
35 29 -36195872.759771347
36 29 -2636982.406949957
37 29 13316175.458767472
38 29 -1241459.623186535
39 29 4779330.507112645
40 29 -2155397.985913604
41 29 -36394374.818983093
42 29 -3211814.881775516
1 30 -119248.770334325
2 30 1649527.279553283
3 30 45888.779631732
4 30 2301223.207582359
5 30 130355.688511987
6 30 1885609.719606545
7 30 98655.993777289
8 30 1049353.107373336
9 30 186555.667525714
10 30 1590286.660399993
11 30 -329379.291292293
12 30 1103671.768103553
13 30 413770.083676023
14 30 -433145.358542382
15 30 304818.678901197
16 30 -535189.614048537
17 30 -935160.305752579
18 30 -723520.805340017
19 30 1503014.032354103
20 30 -8299871.279036863
21 30 47068.538564792
22 30 -16348254.437869038
23 30 -2916597.389038245
24 30 -10688979.929123104
25 30 -4540478.597864443
26 30 26209221.503396504
27 30 -119136.462223564
28 30 59570038.419445828
29 30 9851778.825643672
30 30 31344228.712509360
31 30 1163026.324529522
32 30 -10032576.954444662
33 30 -87739.669345147
34 30 -23109592.704124615
35 30 -2482099.411377551
36 30 -11448893.412631599
37 30 1497970.633078664
38 30 -9823884.380173825
39 30 -84864.310032610
40 30 -23219905.978010733
41 30 -3233845.700411920
42 30 -10826043.870488174
1 31 -1891667.260362939
2 31 -593820.289339254
3 31 -1804563.431072733
4 31 -886544.010835420
5 31 4670268.815745244
6 31 -577586.415716330
7 31 -2344329.286249724
8 31 -651353.806579046
9 31 -2052027.443785358
10 31 -1083583.121360517
11 31 5736347.533134008
12 31 -549934.586837066
13 31 -2715586.480622450
14 31 -439152.735747357
15 31 -2157941.206794249
16 31 -821998.831418249
17 31 6647808.504009696
18 31 -295738.519501995
19 31 -5710214.275773481
20 31 417705.612866617
21 31 -3362173.335831514
22 31 433990.416852864
23 31 16287474.648374779
24 31 1019039.095640494
25 31 -4930819.451474922
26 31 523029.841328699
27 31 -1881480.678805116
28 31 919080.384544948
29 31 13265302.117076878
30 31 1163026.324529522
31 31 21823178.844099838
32 31 -834516.388271517
33 31 9026562.691854443
34 31 -555233.641637600
35 31 -60487827.033437304
36 31 -3982691.898833483
37 31 -5123754.872590083
38 31 586601.772927236
39 31 -1819659.290297786
40 31 1069340.569190137
41 31 13741665.065827269
42 31 1291547.884557425
1 32 -336582.394575258
2 32 1067956.230010053
3 32 -260624.425301399
4 32 1344243.695680454
5 32 733096.427231292
6 32 1384298.033211410
7 32 -319980.091240278
8 32 395850.695844717
9 32 -249231.372550530
10 32 446260.512460079
11 32 717715.877811302
12 32 609735.401787842
13 32 -97926.111679805
14 32 -830694.123651179
15 32 -137677.243679036
16 32 -1352048.520660422
17 32 279905.369149404
18 32 -868276.556130129
19 32 387725.779158233
20 32 -7510350.477926960
21 32 -333811.233993085
22 32 -15130847.446842365
23 32 -273623.389215810
24 32 -8881014.941974023
25 32 580152.200859106
26 32 -9346794.560639048
27 32 -293831.568892997
28 32 -21694335.061915435
29 32 -1016595.919855556
30 32 -10032576.954444662
31 32 -834516.415247129
32 32 25404668.345765885
33 32 1306187.767269546
34 32 59566368.493218429
35 32 603470.402257359
36 32 25866312.931366749
37 32 644015.857253811
38 32 -9633292.741795415
39 32 -311789.439595573
40 32 -22658303.835149866
41 32 -1168377.090541670
42 32 -9898942.202115443
1 33 -897349.793871887
2 33 -197705.996338583
3 33 -832231.715939862
4 33 -324760.679021313
5 33 2179192.101100374
6 33 -162374.557148955
7 33 -1093209.550933571
8 33 -256259.523836154
9 33 -950004.782408124
10 33 -448453.464527376
11 33 2655556.818298958
12 33 -189275.226583202
13 33 -1200011.807226410
14 33 -269494.099864742
15 33 -985760.696475494
16 33 -485340.876400632
17 33 2959922.429045730
18 33 -201058.188806904
19 33 -2480373.122040239
20 33 -418651.856845199
21 33 -1773507.723928297
22 33 -997617.646662975
23 33 7794042.960151340
24 33 -298079.412806354
25 33 -1808724.993393198
26 33 -327983.911006987
27 33 -983660.423921326
28 33 -825475.174793914
29 33 5115820.131724553
30 33 -87739.669345147
31 33 9026562.693424465
32 33 1306187.783498579
33 33 4669570.758726439
34 33 3556227.154427048
35 33 -26172023.663949091
36 33 -48209.129855872
37 33 -1924877.648621722
38 33 -329135.040468363
39 33 -987509.500822735
40 33 -854285.923905964
41 33 5390358.886317982
42 33 -49514.910464903
1 34 -885618.233926584
2 34 2369764.157212952
3 34 -727867.528262343
4 34 2934546.141798441
5 34 1972793.242723666
6 34 3151279.758917280
7 34 -911553.840835965
8 34 731240.363431446
9 34 -741819.899340604
10 34 694486.597908319
11 34 2080270.290410216
12 34 1297584.558434559
13 34 -395552.996760645
14 34 -2078804.340778620
15 34 -464881.465890908
16 34 -3461302.219033999
17 34 1044952.629027695
18 34 -2084049.208160111
19 34 495826.994298272
20 34 -17598748.566772975
21 34 -969965.107048198
22 34 -35982792.233582057
23 34 994710.006924144
24 34 -20505863.654975243
25 34 1080436.926401511
26 34 -21935232.944317807
27 34 -755398.295857126
28 34 -51569489.205392919
29 34 -1711445.796663053
30 34 -23109592.704124615
31 34 -555239.128646849
32 34 59567022.249638930
33 34 3556213.288824333
34 34 141925041.489929438
35 34 -2793657.250627284
36 34 59133227.676188022
37 34 1181539.521747919
38 34 -22324893.865022313
39 34 -804691.388821549
40 34 -53244701.711921915
41 34 -1952147.737820189
42 34 -22445069.454123475
1 35 5297047.539727405
2 35 1483383.855859755
3 35 5004456.058180219
4 35 2225519.128382899
5 35 -13047510.129529886
6 35 1435629.272417701
7 35 6508354.757530509
8 35 1672460.775043315
9 35 5657161.656170594
10 35 2788773.098580608
11 35 -15917859.464204237
12 35 1413767.382183665
13 35 7480870.610753865
14 35 1208277.628187604
15 35 5936293.572887668
16 35 2216700.661038418
17 35 -18354954.661923662
18 35 873599.707015135
19 35 17028491.707667507
20 35 -359981.275722700
21 35 10569384.758095153
22 35 1029705.301438903
23 35 -57331039.843225688
24 35 -1485559.161747052
25 35 13268286.851517934
26 35 -864592.438570234
27 35 5305277.592210065
28 35 -1292686.747263881
29 35 -36195872.759771347
30 35 -2482099.411377551
31 35 -60487828.286724985
32 35 603398.295192427
33 35 -26172019.759961203
34 35 -2819093.896959118
35 35 178065051.227131307
36 35 8439350.308044881
37 35 13735698.762168968
38 35 -983872.424459113
39 35 5116665.495079896
40 35 -1561067.912306562
41 35 -37311222.348086171
42 35 -2770333.744700869
1 36 -55625.347917533
2 36 1449806.819362932
3 36 41286.596891391
4 36 1989780.971536397
5 36 37689.777368512
6 36 1683994.258412644
7 36 120106.653457754
8 36 844161.392874940
9 36 169182.474002188
10 36 1280928.344721915
11 36 -346667.117329904
12 36 886420.536581423
13 36 333397.069876460
14 36 -520737.380898980
15 36 249052.619169687
16 36 -686754.139475939
17 36 -754495.412916551
18 36 -772345.928499728
19 36 1073902.136330687
20 36 -7587500.444561088
21 36 6482.449716087
22 36 -14831879.455305932
23 36 -1859334.154156634
24 36 -9724971.656344486
25 36 1215578.012911428
26 36 -9810809.963243961
27 36 -29817.141562174
28 36 -22318275.999596868
29 36 -2636982.406949957
30 36 -11448893.412631599
31 36 -3982715.008330767
32 36 25866826.849967305
33 36 -48235.354740460
34 36 59010667.335611828
35 36 8518042.155884234
36 36 30509946.235898778
37 36 1359370.064579687
38 36 -10208217.584311198
39 36 -50508.543448831
40 36 -23542253.406146377
41 36 -2970467.298719394
42 36 -11450063.372346193
1 37 -1704375.150072169
2 37 -691774.430445099
3 37 -1644562.062576804
4 37 -1021968.606520091
5 37 4232456.827609234
6 37 -691717.972394341
7 37 -2215527.750690129
8 37 -755665.340288818
9 37 -1960490.655310891
10 37 -1236249.476348227
11 37 5451703.401194735
12 37 -677801.702204115
13 37 -2540669.369543383
14 37 -601168.365085903
15 37 -2054663.809162273
16 37 -1100499.639910572
17 37 6252525.163547923
18 37 -437330.691137068
19 37 -5682756.306242748
20 37 -73742.700855133
21 37 -3310855.960921328
22 37 -573525.569541707
23 37 15151810.555453530
24 37 697662.431141587
25 37 -4938249.228675069
26 37 688647.859781455
27 37 -1855535.167240318
28 37 1243368.602880342
29 37 13316175.458767472
30 37 1497970.633078664
31 37 -5123754.872590083
32 37 644015.857253811
33 37 -1924877.648621722
34 37 1181539.521747919
35 37 13735698.762168968
36 37 1359370.064579687
37 37 21428390.261849724
38 37 -464447.414800741
39 37 8397145.969265237
40 37 317618.399696569
41 37 -58324298.361060537
42 37 -4114011.969990883
1 38 -362107.101041865
2 38 1188201.378317320
3 38 -259390.935718911
4 38 1512339.411900826
5 38 764647.076219031
6 38 1527433.961346804
7 38 -341288.604140595
8 38 636034.649690441
9 38 -246948.029021456
10 38 795458.609601092
11 38 748402.255790949
12 38 893721.521419249
13 38 -163820.388501279
14 38 -531153.792536398
15 38 -170248.260487465
16 38 -923034.030013103
17 38 413365.809254687
18 38 -484808.702133482
19 38 202941.521465285
20 38 -6286641.582041930
21 38 -525375.141968820
22 38 -12782533.803258514
23 38 165301.384643444
24 38 -7150080.145345183
25 38 701109.900193506
26 38 -9215509.760874318
27 38 -317694.597023426
28 38 -21569687.250490904
29 38 -1241459.623186535
30 38 -9823884.380173825
31 38 586601.772927236
32 38 -9633292.741795415
33 38 -329135.040468363
34 38 -22324893.865022313
35 38 -983872.424459113
36 38 -10208217.584311198
37 38 -464447.414800751
38 38 23430497.344874870
39 38 1539413.915495612
40 38 56019833.349519454
41 38 -275340.235150940
42 38 22639901.426590495
1 39 -787297.286689039
2 39 -195229.172574561
3 39 -724921.188290339
4 39 -322932.428438370
5 39 1905853.810299542
6 39 -159115.398347286
7 39 -1003295.873970228
8 39 -258334.854300002
9 39 -868109.702906159
10 39 -450338.585052656
11 39 2435676.401194104
12 39 -196130.808755564
13 39 -1100677.100855952
14 39 -300796.329866347
15 39 -905450.397854849
16 39 -545400.986196432
17 39 2715098.776773141
18 39 -222788.343457220
19 39 -2281726.617230222
20 39 -703469.706878500
21 39 -1611766.743587818
22 39 -1546628.631274218
23 39 6335319.726660093
24 39 -490477.643873878
25 39 -1684247.038560800
26 39 -344220.952057605
27 39 -919377.788159755
28 39 -883678.635248246
29 39 4779330.507112645
30 39 -84864.310032610
31 39 -1819659.290297786
32 39 -311789.439595573
33 39 -987509.500822735
34 39 -804691.388821549
35 39 5116665.495079896
36 39 -50508.543448831
37 39 8397145.969265249
38 39 1539413.915495621
39 39 4144032.193362636
40 39 4120191.093477956
41 39 -23403863.864200585
42 39 -42278.164545582
1 40 -951614.899171768
2 40 2708608.051487499
3 40 -731695.635142482
4 40 3408036.507608062
5 40 2063016.174980310
6 40 3556222.593887569
7 40 -966731.730042449
8 40 1324921.227949900
9 40 -741269.027926797
10 40 1560756.649543780
11 40 2166471.044177953
12 40 1998107.343355484
13 40 -567453.630935380
14 40 -1439167.198369285
15 40 -561114.479773582
16 40 -2553595.820596487
17 40 1408367.849969518
18 40 -1245008.057679660
19 40 130849.509300432
20 40 -15036791.611436890
21 40 -1399874.245869038
22 40 -30928581.481462773
23 40 1205331.099791794
24 40 -16790721.727057703
25 40 1332908.366530824
26 40 -22130245.550920207
27 40 -842743.302587016
28 40 -52403502.618505232
29 40 -2155397.985913604
30 40 -23219905.978010733
31 40 1069340.569190137
32 40 -22658303.835149866
33 40 -854285.923905964
34 40 -53244701.711921915
35 40 -1561067.912306562
36 40 -23542253.406146377
37 40 317618.399696522
38 40 56019833.349519439
39 40 4120191.093477945
40 40 135765193.821656644
41 40 -4162762.189209776
42 40 52406855.846182741
1 41 4792345.302503205
2 41 1718821.039415076
3 41 4563464.618789990
4 41 2554076.324148393
5 41 -11856283.040106498
6 41 1709011.644768846
7 41 6173319.451631689
8 41 1935536.547544416
9 41 5411683.288350641
10 41 3177136.699940732
11 41 -15167440.643911963
12 41 1733403.886037163
13 41 7002847.776754546
14 41 1610619.698102680
15 41 5645492.808445577
16 41 2919842.292980889
17 41 -17261713.533054821
18 41 1215497.350350022
19 41 15474088.442441128
20 41 809135.560864144
21 41 9182202.506348561
22 41 2661910.753445077
23 41 -41687941.468940318
24 41 -978757.728241436
25 41 13331924.600598061
26 41 -1239102.861586164
27 41 5229605.509239420
28 41 -2022893.165985035
29 41 -36394374.818983093
30 41 -3233845.700411920
31 41 13741665.065827269
32 41 -1168377.090541670
33 41 5390358.886317982
34 41 -1952147.737820189
35 41 -37311222.348086171
36 41 -2970467.298719394
37 41 -58324298.361060485
38 41 -275340.235150966
39 41 -23403863.864200577
40 41 -4162762.189209860
41 41 160193868.427358001
42 41 8978712.473204015
1 42 -76651.944558750
2 42 1560031.171071325
3 42 57091.800183735
4 42 2146903.088586370
5 42 47255.392620217
6 42 1809777.281929199
7 42 92313.563487478
8 42 1101554.966739196
9 42 178318.495568135
10 42 1654805.561075531
11 42 -317380.094321712
12 42 1193766.955253959
13 42 342201.886712408
14 42 -96816.024662007
15 42 283926.510304341
16 42 -36038.020638125
17 42 -810027.022229068
18 42 -291580.019135360
19 42 1148097.574865347
20 42 -5792628.075542725
21 42 50417.143455660
22 42 -11301438.071764216
23 42 -2167780.887334639
24 42 -7510967.931232617
25 42 1490984.837894304
26 42 -9304774.917969992
27 42 -10936.576536486
28 42 -21366382.948644936
29 42 -3211814.881775516
30 42 -10826043.870488174
31 42 1291547.884557425
32 42 -9898942.202115443
33 42 -49514.910464903
34 42 -22445069.454123475
35 42 -2770333.744700869
36 42 -11450063.372346193
37 42 -4114011.969990872
38 42 22639901.426590495
39 42 -42278.164545584
40 42 52406855.846182667
41 42 8978712.473204030
42 42 26119882.751832798
