# name tx ty tz qx qy qz qw
frame_000000.jpg -1.550888 0.514563 4.346808 0.233163 0.895907 -0.076439 0.370328
frame_000015.jpg -1.550149 0.515434 4.347627 0.233145 0.895907 -0.076552 0.370315
frame_000030.jpg -1.550454 0.514914 4.347375 0.233242 0.895897 -0.076428 0.370305
frame_000045.jpg -1.598947 0.510750 4.314735 0.232855 0.893963 -0.074771 0.375525
frame_000060.jpg -1.472248 0.510747 4.298745 0.233419 0.898209 -0.078468 0.364115
frame_000075.jpg -1.541462 0.497809 4.196120 0.232847 0.896582 -0.076782 0.368818
frame_000090.jpg -1.506845 0.477704 4.046408 0.232707 0.897939 -0.078131 0.365307
frame_000105.jpg -1.392359 0.462449 3.925273 0.233368 0.901684 -0.081041 0.354876
frame_000120.jpg -1.244566 0.451213 3.786733 0.233554 0.906803 -0.086104 0.340217
frame_000135.jpg -1.157837 0.436059 3.627899 0.233090 0.909124 -0.088542 0.333650
frame_000150.jpg -1.146092 0.408931 3.400191 0.233037 0.908415 -0.088093 0.335733
frame_000165.jpg -1.141417 0.377935 3.159689 0.232762 0.907337 -0.086732 0.339175
frame_000180.jpg -1.116924 0.343595 2.917742 0.233079 0.906944 -0.086184 0.340147
frame_000195.jpg -1.177551 0.305462 2.653742 0.232375 0.903245 -0.081875 0.351350
frame_000210.jpg -1.253051 0.272000 2.344524 0.232200 0.898580 -0.077015 0.364289
frame_000225.jpg -1.252905 0.220388 2.080338 0.232526 0.897858 -0.079224 0.365386
frame_000240.jpg -1.167672 0.220012 1.870873 0.232083 0.901298 -0.080543 0.356808
frame_000255.jpg -1.066618 0.207844 1.644345 0.231977 0.905297 -0.083207 0.345979
frame_000270.jpg -0.983061 0.197904 1.399692 0.231792 0.908364 -0.084104 0.337747
frame_000285.jpg -0.990266 0.127874 1.134168 0.232567 0.908632 -0.087732 0.335565
frame_000300.jpg -0.984344 0.105173 0.904497 0.232418 0.907442 -0.086896 0.339086
frame_000315.jpg -0.972730 0.083448 0.666490 0.232176 0.905748 -0.083655 0.344553
frame_000330.jpg -0.962461 0.064619 0.459604 0.231775 0.903256 -0.081119 0.351892
frame_000345.jpg -0.986278 0.027295 0.238992 0.231711 0.901209 -0.079266 0.357559
frame_000360.jpg -0.993861 -0.006428 -0.022922 0.232042 0.897943 -0.076078 0.366152
frame_000375.jpg -0.982039 -0.029558 -0.222143 0.231765 0.898516 -0.076916 0.364744
frame_000390.jpg -0.963213 -0.060405 -0.435431 0.231443 0.900141 -0.079714 0.360313
frame_000405.jpg -0.940256 -0.079538 -0.649901 0.232346 0.901016 -0.080984 0.357249
frame_000420.jpg -0.929852 -0.111305 -0.878519 0.232426 0.901536 -0.081920 0.355669
frame_000435.jpg -0.898685 -0.129058 -1.087568 0.232705 0.901583 -0.081893 0.355372
frame_000450.jpg -0.888194 -0.161333 -1.295602 0.231978 0.900968 -0.081892 0.357403
frame_000465.jpg -0.907357 -0.181293 -1.494724 0.232453 0.901840 -0.082582 0.354725
frame_000480.jpg -0.868461 -0.206212 -1.699698 0.232651 0.898857 -0.080183 0.362629
frame_000495.jpg -0.821224 -0.246063 -1.922306 0.230733 0.895264 -0.076853 0.373308
frame_000510.jpg -0.810020 -0.271085 -2.167799 0.231023 0.893339 -0.075384 0.378009
frame_000525.jpg -0.841271 -0.299249 -2.384774 0.231715 0.896910 -0.078211 0.368434
frame_000540.jpg -0.902156 -0.340954 -2.572748 0.231121 0.902681 -0.084026 0.353115
frame_000555.jpg -0.896772 -0.368744 -2.825925 0.231200 0.903062 -0.084174 0.352050
frame_000570.jpg -0.874932 -0.417161 -3.066166 0.230433 0.902813 -0.084464 0.353121
frame_000585.jpg -0.856831 -0.425627 -3.296953 0.231660 0.903324 -0.083450 0.351250
frame_000600.jpg -0.878379 -0.439687 -3.501994 0.232288 0.904450 -0.083675 0.347867
frame_000615.jpg -0.836746 -0.486656 -3.692891 0.230516 0.904529 -0.084486 0.348642
frame_000630.jpg -0.662812 -0.513243 -3.884903 0.229783 0.902384 -0.082280 0.355153
frame_000645.jpg -0.871472 -0.584901 -4.092865 0.230208 0.906105 -0.088675 0.343678
frame_000660.jpg -1.010824 -0.638424 -4.251682 0.227863 0.909611 -0.092941 0.334735
frame_000675.jpg -0.915925 -0.573142 -4.434532 0.230957 0.909185 -0.088910 0.334868
frame_000690.jpg -0.974424 -0.633115 -4.590581 0.229018 0.912452 -0.094022 0.325793
frame_000705.jpg -1.166312 -0.630069 -4.716230 0.230256 0.919014 -0.100692 0.303738
frame_000720.jpg -1.572940 -0.669288 -4.772316 0.230295 0.929238 -0.113775 0.265586
frame_000735.jpg -1.986404 -0.652905 -4.737612 0.230135 0.939500 -0.125614 0.220450
frame_000750.jpg -2.571365 -0.649943 -4.557442 0.228987 0.949682 -0.143185 0.158641
frame_000765.jpg -3.295871 -0.545791 -4.130314 0.226780 0.957352 -0.161123 0.078017
frame_000780.jpg -3.780841 -0.617153 -3.685580 0.222080 0.957555 -0.183006 0.016661
frame_000795.jpg -4.185905 -0.521691 -3.191638 0.218709 0.954235 -0.197471 -0.051054
frame_000810.jpg -4.578249 -0.488337 -2.647579 0.211772 0.946656 -0.213382 -0.116028
frame_000825.jpg -4.893959 -0.453041 -1.974176 0.211945 0.930774 -0.235124 -0.182910
frame_000840.jpg -5.086163 -0.288221 -1.299533 0.199166 0.914724 -0.242222 -0.254838
frame_000855.jpg -3.711311 2.053500 -0.549455 0.027804 0.990019 0.071485 -0.118232
frame_000870.jpg -5.181631 -0.150101 -0.338053 0.184747 0.880150 -0.257960 -0.353073
frame_000885.jpg -5.148267 -0.170478 -0.242909 0.186859 0.870766 -0.265789 -0.369062
frame_000900.jpg -5.101287 -0.169712 -0.456447 0.186490 0.873388 -0.262627 -0.365297
frame_000915.jpg -5.110026 -0.155101 -0.546571 0.180819 0.871533 -0.260154 -0.374238
frame_000930.jpg -5.116650 -0.141712 -0.483701 0.176655 0.861215 -0.263224 -0.397259
frame_000945.jpg -5.118813 -0.151001 -0.461167 0.175222 0.851261 -0.268253 -0.415562
frame_000960.jpg -5.127609 -0.157684 -0.531864 0.173145 0.844615 -0.270360 -0.428429
frame_000975.jpg -5.138366 -0.169537 -0.562091 0.170642 0.836594 -0.274064 -0.442585
frame_000990.jpg -5.160534 -0.103482 -0.308067 0.159311 0.816802 -0.274173 -0.481958
frame_001005.jpg -5.140541 -0.076305 -0.020921 -0.156537 -0.790941 0.282828 0.519534
frame_001020.jpg -5.117350 -0.043896 0.328034 -0.147689 -0.763867 0.288825 0.557921
frame_001035.jpg -5.022244 0.007494 0.830534 -0.136676 -0.725856 0.295832 0.605752
frame_001050.jpg -4.674055 0.133476 1.804656 -0.114378 -0.652081 0.302134 0.685874
frame_001065.jpg -4.243761 0.236505 2.502817 -0.096345 -0.589856 0.303836 0.741937
frame_001080.jpg -3.671271 0.321361 3.145390 -0.077186 -0.520385 0.304194 0.794172
frame_001095.jpg -2.947598 0.409503 3.702423 -0.056017 -0.443111 0.301429 0.842411
frame_001110.jpg -2.361598 0.457138 4.005753 -0.040999 -0.385088 0.298128 0.872437
frame_001125.jpg -1.858091 0.481672 4.084898 -0.029270 -0.342039 0.293156 0.892307
frame_001140.jpg -1.755346 0.463354 3.945011 -0.028037 -0.337646 0.292725 0.894160
frame_001155.jpg -1.651831 0.440440 3.800155 -0.025084 -0.329144 0.291754 0.897728
frame_001170.jpg -1.528128 0.421835 3.647596 -0.021373 -0.315738 0.291021 0.902862
frame_001185.jpg -1.554295 0.394281 3.437863 -0.022141 -0.319513 0.291298 0.901425
frame_001200.jpg -1.664358 0.359661 3.169506 -0.025885 -0.333728 0.292510 0.895764
frame_001215.jpg -1.722465 0.329138 2.937055 -0.028048 -0.342997 0.293195 0.891966
frame_001230.jpg -1.689654 0.308142 2.753088 -0.027689 -0.340477 0.293499 0.892842
frame_001245.jpg -1.652371 0.282640 2.565087 -0.026608 -0.337365 0.293085 0.894191
frame_001260.jpg -1.617104 0.261412 2.361360 -0.026094 -0.334584 0.292329 0.895498
frame_001275.jpg -1.578715 0.238570 2.139342 -0.026008 -0.331387 0.292467 0.896643
frame_001290.jpg -1.540412 0.211453 1.919972 -0.025145 -0.328069 0.292141 0.897993
frame_001305.jpg -1.507248 0.186048 1.682572 -0.024995 -0.325781 0.291693 0.898976
frame_001320.jpg -1.480919 0.161807 1.457916 -0.025331 -0.324003 0.291918 0.899536
frame_001335.jpg -1.453422 0.126671 1.198213 -0.024731 -0.324458 0.292131 0.899319
frame_001350.jpg -1.425679 0.093535 0.937072 -0.025081 -0.326286 0.291909 0.898720
frame_001365.jpg -1.423971 0.058981 0.662206 -0.025331 -0.328241 0.293012 0.897641
frame_001380.jpg -1.393683 0.017591 0.367704 -0.026138 -0.333643 0.293055 0.895610
frame_001395.jpg -1.375550 -0.016307 0.086621 -0.027128 -0.336921 0.293385 0.894245
frame_001410.jpg -1.348253 -0.048959 -0.176245 -0.027433 -0.340766 0.293331 0.892795
frame_001425.jpg -1.327127 -0.084285 -0.466770 -0.028716 -0.346053 0.293643 0.890616
frame_001440.jpg -1.315934 -0.117038 -0.750153 -0.029831 -0.347921 0.294048 0.889717
frame_001455.jpg -1.271789 -0.159352 -1.032598 -0.030926 -0.350194 0.294024 0.888796
frame_001470.jpg -1.262650 -0.199104 -1.314331 -0.031482 -0.347429 0.294033 0.889858
frame_001485.jpg -1.261117 -0.229105 -1.579718 -0.031210 -0.344260 0.293551 0.891257
frame_001500.jpg -1.236871 -0.282335 -1.823049 -0.032187 -0.342273 0.294324 0.891733
frame_001515.jpg -1.234644 -0.291162 -2.074712 -0.029360 -0.335582 0.293009 0.894801
frame_001530.jpg -1.330255 -0.356378 -2.372912 -0.025993 -0.317718 0.291378 0.901930
frame_001545.jpg -1.393735 -0.376594 -2.609721 -0.022534 -0.305558 0.289911 0.906685
frame_001560.jpg -1.282434 -0.396144 -2.789040 -0.022418 -0.303154 0.290503 0.907306
frame_001575.jpg -1.331880 -0.436267 -3.008944 -0.022907 -0.299850 0.290541 0.908378
frame_001590.jpg -1.241183 -0.463983 -3.301300 -0.025274 -0.310606 0.291582 0.904359
frame_001605.jpg -1.189352 -0.517723 -3.562797 -0.028512 -0.318442 0.292676 0.901178
frame_001620.jpg -1.181214 -0.556961 -3.787529 -0.029282 -0.319086 0.292899 0.900853
frame_001635.jpg -1.465544 -0.571742 -3.906041 -0.019050 -0.279968 0.288558 0.915417
frame_001650.jpg -1.836623 -0.566916 -3.928464 -0.004914 -0.228912 0.283586 0.931211
frame_001665.jpg -2.254872 -0.563017 -3.874400 0.010040 -0.171425 0.275964 0.945704
frame_001680.jpg -2.665484 -0.543555 -3.720900 0.026153 -0.107062 0.266973 0.957381
frame_001695.jpg -3.158392 -0.450891 -3.376586 0.050676 -0.022233 0.251859 0.966181
frame_001710.jpg -3.738066 -0.453907 -2.856558 0.068919 0.071181 0.232842 0.967454
frame_001725.jpg -4.121716 -0.350419 -2.328137 0.092026 0.154385 0.216072 0.959692
frame_001740.jpg -4.388916 -0.305713 -1.825380 0.106708 0.226218 0.198095 0.947733
frame_001755.jpg -4.546644 -0.259732 -1.301774 0.119519 0.296445 0.178303 0.930615
frame_001770.jpg -4.614711 -0.221653 -0.945720 0.129121 0.346228 0.163965 0.914642
frame_001785.jpg -4.665347 -0.175962 -0.736757 0.139799 0.385667 0.153571 0.898962
frame_001800.jpg -4.705625 -0.168653 -0.595460 0.145450 0.420563 0.142148 0.884175
frame_001815.jpg -4.740787 -0.153170 -0.454986 0.151850 0.452862 0.131728 0.868623
frame_001830.jpg -4.771032 -0.121658 -0.204657 0.160380 0.490573 0.120449 0.848003
frame_001845.jpg -4.774288 -0.082864 0.103473 0.168983 0.531023 0.107319 0.823372
frame_001860.jpg -4.736046 -0.031636 0.507079 0.178249 0.574220 0.093362 0.793588
frame_001875.jpg -4.535939 0.083852 1.358448 0.193727 0.648151 0.064564 0.733622
frame_001890.jpg -4.208165 0.189218 2.098411 0.204935 0.709310 0.036588 0.673455
frame_001905.jpg -3.684531 0.292747 2.854658 0.215561 0.771954 0.005326 0.597990
frame_001920.jpg -3.118044 0.371330 3.416444 0.222938 0.818855 -0.021013 0.528521
frame_001935.jpg -2.327872 0.451292 3.951881 0.229241 0.866365 -0.052479 0.440575
frame_001950.jpg -1.605735 0.497764 4.230557 0.232634 0.896297 -0.076241 0.369758
frame_001965.jpg -1.056049 0.508600 4.230086 0.234389 0.912450 -0.091686 0.322629
frame_001980.jpg -1.093577 0.478142 3.991393 0.234358 0.910210 -0.089478 0.329527
frame_001995.jpg -1.064783 0.456587 3.779348 0.233496 0.910819 -0.090488 0.328178
frame_002010.jpg -1.161952 0.424932 3.524299 0.232998 0.907600 -0.087797 0.338031
frame_002025.jpg -1.236019 0.389904 3.260895 0.232479 0.904946 -0.084866 0.346155
frame_002040.jpg -1.240967 0.354272 3.005275 0.232220 0.904667 -0.084178 0.347225
frame_002055.jpg -1.181130 0.320598 2.771022 0.232664 0.907176 -0.085407 0.340008
frame_002070.jpg -1.137974 0.287273 2.503022 0.233332 0.908296 -0.086401 0.336288
frame_002085.jpg -1.149340 0.238164 2.212505 0.233309 0.908642 -0.089359 0.334591
frame_002100.jpg -1.128308 0.225072 1.942409 0.232371 0.907153 -0.086290 0.340047
frame_002115.jpg -1.123407 0.214815 1.671417 0.232033 0.905907 -0.083175 0.344347
frame_002130.jpg -1.096903 0.192254 1.397992 0.231455 0.904322 -0.080411 0.349521
frame_002145.jpg -1.142983 0.117366 1.094289 0.231558 0.904146 -0.083582 0.349163
frame_002160.jpg -1.111811 0.097424 0.813791 0.231004 0.902923 -0.081711 0.353116
frame_002175.jpg -1.051960 0.078793 0.545887 0.231631 0.902163 -0.079105 0.355234
frame_002190.jpg -1.055786 0.029001 0.271420 0.232812 0.904157 -0.082109 0.348652
frame_002205.jpg -1.008121 -0.016088 -0.034723 0.231994 0.903452 -0.081415 0.351176
frame_002220.jpg -0.984468 -0.047426 -0.356656 0.231958 0.899855 -0.079016 0.360849
frame_002235.jpg -0.966056 -0.084093 -0.662436 0.231882 0.897422 -0.077869 0.367154
frame_002250.jpg -0.954013 -0.121792 -0.961576 0.231595 0.897191 -0.077941 0.367882
frame_002265.jpg -0.958236 -0.163387 -1.272536 0.231066 0.898333 -0.079217 0.365145
frame_002280.jpg -0.940120 -0.195625 -1.570054 0.231679 0.899633 -0.080287 0.361301
frame_002295.jpg -0.926332 -0.225071 -1.845764 0.232557 0.902277 -0.082776 0.353499
frame_002310.jpg -0.934703 -0.263090 -2.092831 0.232281 0.905361 -0.085629 0.345014
frame_002325.jpg -0.930943 -0.308701 -2.351076 0.231671 0.907117 -0.088392 0.340079
frame_002340.jpg -0.917381 -0.356468 -2.621669 0.231319 0.908003 -0.089298 0.337710
frame_002355.jpg -0.934534 -0.370802 -2.903906 0.232426 0.908607 -0.089179 0.335348
frame_002370.jpg -0.925685 -0.421975 -3.177874 0.231431 0.907703 -0.088234 0.338717
frame_002385.jpg -0.902853 -0.438216 -3.466427 0.232136 0.906339 -0.085326 0.342610
frame_002400.jpg -1.053270 -0.432792 -3.709132 0.233144 0.915315 -0.091575 0.315366
frame_002415.jpg -1.211704 -0.496928 -3.891474 0.231858 0.924564 -0.103609 0.284057
frame_002430.jpg -1.527333 -0.539421 -4.052439 0.232208 0.931962 -0.113636 0.254191
frame_002445.jpg -1.921801 -0.501335 -4.109919 0.232796 0.941683 -0.125324 0.208167
frame_002460.jpg -2.415735 -0.570968 -3.949718 0.229295 0.951555 -0.148639 0.140976
frame_002475.jpg -3.033500 -0.449499 -3.606396 0.228887 0.957382 -0.167303 0.055139
frame_002505.jpg -4.202776 -0.329085 -2.077788 0.207982 0.938022 -0.220619 -0.167887
frame_002520.jpg -4.437864 -0.229733 -1.279756 0.197566 0.911641 -0.240894 -0.268045
frame_002535.jpg -4.500385 -0.215896 -0.856630 0.193774 0.891255 -0.255374 -0.320782
frame_002550.jpg -4.549001 -0.058352 -0.474387 0.174487 0.874690 -0.250343 -0.376565
frame_002565.jpg -4.508636 -0.079278 -0.258145 0.174124 0.852843 -0.263916 -0.415558
frame_002580.jpg -4.490737 -0.108043 -0.394965 0.174841 0.848981 -0.267141 -0.421067
frame_002595.jpg -4.468589 -0.127674 -0.619290 0.174375 0.850142 -0.266268 -0.419469
frame_002610.jpg -4.450809 -0.153764 -0.629675 0.175382 0.837652 -0.274113 -0.438683
frame_002625.jpg -4.495066 -0.079189 -0.482048 0.161855 0.821895 -0.270505 -0.474466
frame_002640.jpg -4.487589 -0.113436 -0.349969 -0.159607 -0.800352 0.281943 0.504451
frame_002655.jpg -4.399268 -0.067957 0.179525 -0.146058 -0.754712 0.292946 0.568559
frame_002670.jpg -4.102795 0.044680 1.095020 -0.120338 -0.673497 0.302310 0.663724
frame_002685.jpg -3.391648 0.194340 2.139127 -0.086664 -0.561397 0.304373 0.764644
frame_002700.jpg -2.546207 0.293984 2.784660 -0.058331 -0.457309 0.301378 0.834648
frame_002715.jpg -1.735248 0.348611 3.108748 -0.035000 -0.368050 0.296192 0.880673
frame_002730.jpg -1.539273 0.344412 3.045219 -0.029520 -0.348653 0.293571 0.889599
frame_002745.jpg -1.545655 0.315079 2.813270 -0.030096 -0.350669 0.294039 0.888632
frame_002760.jpg -1.539072 0.288154 2.607101 -0.029886 -0.350693 0.293738 0.888729
frame_002775.jpg -1.506008 0.262926 2.392534 -0.028934 -0.346808 0.293414 0.890390
frame_002790.jpg -1.433622 0.245499 2.198901 -0.026900 -0.336351 0.292612 0.894719
frame_002805.jpg -1.307626 0.226487 2.005103 -0.021682 -0.314784 0.290474 0.903364
frame_002820.jpg -1.205730 0.209836 1.823662 -0.017750 -0.295949 0.288873 0.910303
frame_002835.jpg -1.228497 0.173403 1.525510 -0.020820 -0.306161 0.289801 0.906558
frame_002850.jpg -1.242609 0.133735 1.236449 -0.022794 -0.315725 0.290941 0.902857
frame_002865.jpg -1.218371 0.097703 0.959278 -0.020970 -0.310749 0.290181 0.904871
frame_002880.jpg -1.203836 0.061655 0.670931 -0.018537 -0.305348 0.289867 0.906861
frame_002895.jpg -1.214490 0.014303 0.326547 -0.021203 -0.316064 0.291094 0.902728
frame_002910.jpg -1.214737 -0.025878 0.010954 -0.023175 -0.325051 0.291873 0.899230
frame_002925.jpg -1.193964 -0.055589 -0.250536 -0.024196 -0.327392 0.291411 0.898504
frame_002940.jpg -1.191066 -0.092917 -0.469236 -0.023944 -0.324046 0.291464 0.899705
frame_002955.jpg -1.197624 -0.118135 -0.712118 -0.023790 -0.323170 0.291401 0.900045
frame_002970.jpg -1.199432 -0.156369 -0.963582 -0.024172 -0.321429 0.291833 0.900518
frame_002985.jpg -1.208656 -0.180486 -1.208597 -0.024083 -0.318437 0.291208 0.901785
frame_003000.jpg -1.220351 -0.218430 -1.444932 -0.024218 -0.315440 0.291194 0.902838
frame_003015.jpg -1.182424 -0.254064 -1.751512 -0.025437 -0.320966 0.291515 0.900751
frame_003030.jpg -1.153084 -0.293840 -2.054692 -0.027141 -0.326372 0.292151 0.898550
frame_003045.jpg -1.289679 -0.367184 -2.367280 -0.026658 -0.316090 0.290810 0.902666
frame_003060.jpg -1.231148 -0.381229 -2.618768 -0.024786 -0.312647 0.290974 0.903865
frame_003075.jpg -1.155082 -0.416392 -2.881210 -0.025514 -0.312370 0.291287 0.903840
frame_003090.jpg -1.183182 -0.454147 -3.130360 -0.025643 -0.308933 0.291156 0.905059
frame_003105.jpg -1.186800 -0.476197 -3.394419 -0.024472 -0.306470 0.290963 0.905990
frame_003120.jpg -1.210678 -0.523239 -3.634936 -0.023450 -0.299301 0.290874 0.908439
frame_003135.jpg -1.315225 -0.556731 -3.867675 -0.020521 -0.288500 0.289932 0.912297
frame_003150.jpg -1.518268 -0.586547 -4.018269 -0.012822 -0.256840 0.286945 0.922784
frame_003165.jpg -2.220313 -0.584608 -3.861445 0.011046 -0.160275 0.274238 0.948147
frame_003180.jpg -2.778637 -0.434935 -3.541534 0.043717 -0.059307 0.259099 0.963036
frame_003195.jpg -3.591453 -0.450843 -2.888079 0.069684 0.071638 0.233942 0.967100
frame_003210.jpg -4.031671 -0.352249 -2.254354 0.096252 0.176124 0.211268 0.956599
frame_003225.jpg -4.280382 -0.308188 -1.680621 0.111894 0.265245 0.185789 0.939472
frame_003240.jpg -4.442031 -0.248644 -1.174967 0.127149 0.337525 0.166517 0.917705
frame_003255.jpg -4.513456 -0.205749 -0.860757 0.137794 0.388280 0.150895 0.898600
frame_003270.jpg -4.554359 -0.185689 -0.713357 0.145022 0.420880 0.141943 0.884127
frame_003285.jpg -4.620696 -0.109122 -0.176494 0.161544 0.490067 0.121211 0.847966
frame_003300.jpg -4.589211 -0.035792 0.423644 0.175348 0.558905 0.098215 0.804507
frame_003315.jpg -4.453472 0.041914 0.983800 0.188684 0.620961 0.075070 0.757080
frame_003330.jpg -4.253652 0.119652 1.499788 0.199113 0.672130 0.052994 0.711187
frame_003345.jpg -3.758865 0.237067 2.391654 0.212124 0.750192 0.016352 0.626057
frame_003360.jpg -3.185638 0.330905 3.091127 0.221512 0.807202 -0.014194 0.546952
frame_003375.jpg -2.761495 0.389448 3.504582 0.225913 0.838600 -0.033462 0.494565
frame_003390.jpg -2.709186 0.395768 3.552321 0.226413 0.842005 -0.035770 0.488350
frame_003405.jpg -2.266252 0.449058 3.896762 0.230387 0.867353 -0.053511 0.437901
frame_003420.jpg -1.892618 0.481442 4.129496 0.231456 0.885267 -0.067496 0.397712
frame_003435.jpg -1.719126 0.495428 4.222075 0.232233 0.892704 -0.073476 0.379141
frame_003450.jpg -1.752263 0.492943 4.205649 0.232142 0.891302 -0.072278 0.382709
frame_003465.jpg -1.834323 0.485854 4.161590 0.231685 0.887839 -0.069463 0.391457
frame_003480.jpg -1.837443 0.485354 4.160271 0.231622 0.887723 -0.069325 0.391783
frame_003495.jpg -1.837593 0.485338 4.160207 0.231715 0.887695 -0.069317 0.391793
