# name tx ty tz qx qy qz qw
frame_000000.jpg -1.181370 0.401804 3.225041 -0.132362 0.971914 -0.162004 -0.107792
frame_000015.jpg -1.180853 0.401773 3.225683 -0.132540 0.971836 -0.162433 -0.107623
frame_000030.jpg -1.181110 0.402062 3.225780 -0.132456 0.971869 -0.162344 -0.107568
frame_000045.jpg -1.204069 0.397137 3.184436 -0.132792 0.972042 -0.163156 -0.104306
frame_000060.jpg -1.284698 0.372072 3.017803 -0.132265 0.973213 -0.164041 -0.091943
frame_000075.jpg -1.280976 0.350443 2.841309 -0.132315 0.973224 -0.164179 -0.091509
frame_000090.jpg -1.260124 0.333020 2.675878 -0.132595 0.972931 -0.164585 -0.093468
frame_000105.jpg -1.233098 0.313915 2.507226 -0.132678 0.972653 -0.164336 -0.096629
frame_000120.jpg -1.195822 0.293848 2.344593 -0.133215 0.972127 -0.163840 -0.101878
frame_000135.jpg -1.152856 0.272754 2.200252 -0.133162 0.971524 -0.162763 -0.109164
frame_000150.jpg -1.119459 0.256501 2.050855 -0.133279 0.970943 -0.161735 -0.115531
frame_000165.jpg -1.106244 0.236604 1.899880 -0.133739 0.970657 -0.160973 -0.118431
frame_000180.jpg -1.117942 0.223220 1.736880 -0.133589 0.971459 -0.160458 -0.112585
frame_000195.jpg -1.161521 0.188310 1.555386 -0.133962 0.971542 -0.162987 -0.107686
frame_000210.jpg -1.189182 0.165650 1.378167 -0.132865 0.972214 -0.163689 -0.101745
frame_000225.jpg -1.197255 0.159913 1.207601 -0.133239 0.973033 -0.163426 -0.093524
frame_000240.jpg -1.193728 0.156983 1.047360 -0.134394 0.973394 -0.163306 -0.088171
frame_000255.jpg -1.208144 0.098687 0.874368 -0.132736 0.972766 -0.164723 -0.094732
frame_000270.jpg -1.174865 0.094101 0.741757 -0.133905 0.972406 -0.163180 -0.099343
frame_000285.jpg -1.151146 0.091393 0.604058 -0.134688 0.971950 -0.162026 -0.104500
frame_000300.jpg -1.107626 0.089082 0.456314 -0.136242 0.971590 -0.159932 -0.108958
frame_000315.jpg -1.069012 0.087843 0.300898 -0.137771 0.971031 -0.158488 -0.114017
frame_000330.jpg -1.083964 0.026007 0.125458 -0.134747 0.970114 -0.159453 -0.123677
frame_000345.jpg -1.070141 0.003267 -0.039757 -0.134816 0.969421 -0.159223 -0.129209
frame_000360.jpg -1.067966 -0.019901 -0.207372 -0.134737 0.968698 -0.159234 -0.134592
frame_000375.jpg -1.059534 -0.042880 -0.381117 -0.135312 0.968148 -0.159264 -0.137894
frame_000390.jpg -1.053630 -0.062545 -0.548679 -0.134773 0.968358 -0.158959 -0.137298
frame_000405.jpg -1.052268 -0.086787 -0.741980 -0.135052 0.968659 -0.159505 -0.134237
frame_000420.jpg -1.053939 -0.117257 -0.944273 -0.135264 0.968896 -0.160713 -0.130825
frame_000435.jpg -1.041188 -0.142064 -1.126360 -0.135475 0.969122 -0.162194 -0.127050
frame_000450.jpg -1.036269 -0.160027 -1.307461 -0.135040 0.969559 -0.162173 -0.124175
frame_000465.jpg -1.022902 -0.183442 -1.498190 -0.134553 0.970072 -0.162373 -0.120380
frame_000480.jpg -1.006434 -0.207701 -1.703769 -0.134507 0.970608 -0.162495 -0.115857
frame_000495.jpg -0.999111 -0.227402 -1.872065 -0.134841 0.970855 -0.161955 -0.114149
frame_000510.jpg -1.002669 -0.258404 -2.060277 -0.135024 0.970594 -0.162824 -0.114913
frame_000525.jpg -1.000668 -0.282886 -2.251258 -0.133850 0.970584 -0.162543 -0.116753
frame_000540.jpg -1.008607 -0.305684 -2.433793 -0.134235 0.970232 -0.162357 -0.119461
frame_000555.jpg -1.024734 -0.319928 -2.626418 -0.134153 0.970267 -0.161062 -0.121016
frame_000570.jpg -1.022956 -0.341886 -2.808280 -0.134909 0.970121 -0.160465 -0.122127
frame_000585.jpg -1.047294 -0.384113 -3.000929 -0.135424 0.969709 -0.161181 -0.123879
frame_000600.jpg -1.013585 -0.369763 -3.184225 -0.134668 0.970472 -0.158443 -0.122251
frame_000615.jpg -1.058347 -0.441324 -3.372222 -0.134610 0.969465 -0.161330 -0.126457
frame_000630.jpg -0.983701 -0.441534 -3.555153 -0.135092 0.970021 -0.161002 -0.122014
frame_000645.jpg -0.919403 -0.466582 -3.735955 -0.136045 0.970040 -0.162666 -0.118550
frame_000660.jpg -1.063578 -0.497125 -3.947605 -0.134313 0.969247 -0.161591 -0.128093
frame_000675.jpg -1.035846 -0.533179 -4.117082 -0.135445 0.968926 -0.163047 -0.127488
frame_000690.jpg -0.933272 -0.490689 -4.309327 -0.136266 0.970130 -0.159601 -0.121682
frame_000705.jpg -1.074034 -0.558274 -4.508319 -0.136251 0.968633 -0.160182 -0.132388
frame_000720.jpg -1.141810 -0.590754 -4.687360 -0.136660 0.967754 -0.159420 -0.139144
frame_000735.jpg -1.246176 -0.632173 -4.835587 -0.137125 0.966244 -0.159491 -0.148766
frame_000750.jpg -1.317418 -0.641392 -4.997086 -0.137385 0.965364 -0.157165 -0.156517
frame_000765.jpg -1.415800 -0.627291 -5.161269 -0.137563 0.964395 -0.153246 -0.165932
frame_000780.jpg -1.606645 -0.632705 -5.311535 -0.138236 0.961740 -0.149326 -0.183434
frame_000795.jpg -1.832407 -0.599241 -5.435718 -0.138245 0.958481 -0.142793 -0.204483
frame_000810.jpg -2.189109 -0.618591 -5.481659 -0.138551 0.951708 -0.138531 -0.236356
frame_000825.jpg -2.839552 -0.650058 -5.361087 -0.139061 0.935408 -0.130956 -0.297531
frame_001005.jpg -6.285652 -0.003361 0.927770 0.113995 -0.487345 -0.008799 0.865692
frame_001020.jpg -5.997436 0.091929 1.657304 0.102688 -0.424180 -0.022806 0.899448
frame_001035.jpg -5.564589 0.195438 2.416852 0.095527 -0.351293 -0.039923 0.930523
frame_001050.jpg -4.997253 0.301258 3.107318 0.086800 -0.274435 -0.057557 0.955949
frame_001065.jpg -4.318731 0.390743 3.677989 0.076818 -0.196288 -0.074148 0.974716
frame_001080.jpg -3.591583 0.457753 4.105672 0.067608 -0.120324 -0.089665 0.986363
frame_001095.jpg -2.907803 0.510519 4.361751 0.058333 -0.054195 -0.102470 0.991544
frame_001110.jpg -2.438793 0.533741 4.415957 0.051392 -0.011329 -0.109614 0.992580
frame_001125.jpg -2.081659 0.536689 4.368170 0.046862 0.020767 -0.115712 0.991959
frame_001140.jpg -1.855774 0.524144 4.252890 0.044384 0.040250 -0.118673 0.991124
frame_001155.jpg -1.751964 0.501592 4.093836 0.043764 0.047550 -0.120088 0.990658
frame_001170.jpg -1.782426 0.473380 3.878583 0.045627 0.039567 -0.119408 0.991007
frame_001185.jpg -1.795692 0.448355 3.671100 0.045253 0.034070 -0.117083 0.991505
frame_001200.jpg -1.727264 0.435118 3.523304 0.044122 0.039189 -0.118082 0.991249
frame_001215.jpg -1.639308 0.413738 3.385968 0.043759 0.048314 -0.119762 0.990660
frame_001230.jpg -1.557360 0.397681 3.251367 0.042556 0.056769 -0.121152 0.990095
frame_001245.jpg -1.491534 0.373782 3.080542 0.041858 0.063027 -0.121649 0.989685
frame_001260.jpg -1.437834 0.344552 2.892230 0.042180 0.068090 -0.122303 0.989256
frame_001275.jpg -1.349985 0.321415 2.702503 0.041220 0.079631 -0.124814 0.988120
frame_001290.jpg -1.321064 0.297055 2.508440 0.040623 0.081783 -0.124900 0.987958
frame_001305.jpg -1.379409 0.267218 2.269467 0.042383 0.070646 -0.123102 0.988968
frame_001320.jpg -1.446464 0.235946 2.001579 0.043408 0.057004 -0.120922 0.990073
frame_001335.jpg -1.447799 0.209172 1.783193 0.043221 0.056235 -0.120662 0.990157
frame_001350.jpg -1.389555 0.190512 1.603086 0.041668 0.065664 -0.122556 0.989410
frame_001365.jpg -1.342074 0.167343 1.398450 0.040564 0.072500 -0.123931 0.988807
frame_001380.jpg -1.301455 0.139945 1.184273 0.039373 0.077794 -0.124421 0.988391
frame_001395.jpg -1.266428 0.112225 0.997726 0.039291 0.083022 -0.125127 0.987880
frame_001410.jpg -1.239524 0.085731 0.812513 0.037915 0.087573 -0.125501 0.987493
frame_001425.jpg -1.204248 0.060444 0.632073 0.038047 0.094988 -0.126283 0.986703
frame_001440.jpg -1.183392 0.034951 0.425465 0.037437 0.100112 -0.127526 0.986059
frame_001455.jpg -1.177480 0.000448 0.168893 0.038000 0.098476 -0.126852 0.986290
frame_001470.jpg -1.173970 -0.038627 -0.113314 0.039374 0.090234 -0.125846 0.987153
frame_001485.jpg -1.172947 -0.074836 -0.419564 0.040019 0.084360 -0.124861 0.987771
frame_001500.jpg -1.168037 -0.105538 -0.645364 0.039753 0.079803 -0.124322 0.988228
frame_001515.jpg -1.159240 -0.140579 -0.872843 0.037727 0.077936 -0.124461 0.988439
frame_001530.jpg -1.150141 -0.167120 -1.117309 0.038043 0.075715 -0.124344 0.988614
frame_001545.jpg -1.116052 -0.204300 -1.352614 0.037992 0.072768 -0.123591 0.988932
frame_001560.jpg -1.135764 -0.257018 -1.628699 0.036625 0.075285 -0.124136 0.988727
frame_001575.jpg -1.157890 -0.290891 -1.826078 0.035646 0.077998 -0.125119 0.988429
frame_001590.jpg -1.179122 -0.319361 -1.970048 0.034218 0.080899 -0.126086 0.988123
frame_001605.jpg -1.133831 -0.315638 -2.065549 0.035142 0.079182 -0.125002 0.988367
frame_001620.jpg -1.160372 -0.340677 -2.238403 0.034116 0.083270 -0.126395 0.987890
frame_001635.jpg -1.144822 -0.352584 -2.471969 0.035150 0.082242 -0.125991 0.987991
frame_001650.jpg -1.107714 -0.384323 -2.637602 0.034015 0.082804 -0.126029 0.987979
frame_001665.jpg -1.155393 -0.423774 -2.812106 0.032132 0.090224 -0.127574 0.987194
frame_001680.jpg -1.194375 -0.434505 -3.009395 0.031999 0.100624 -0.129033 0.986003
frame_001695.jpg -1.234210 -0.458215 -3.170035 0.030292 0.110591 -0.131113 0.984714
frame_001710.jpg -1.290259 -0.491142 -3.324483 0.027852 0.121540 -0.132807 0.983267
frame_001725.jpg -1.378714 -0.498751 -3.478211 0.027150 0.135063 -0.134426 0.981300
frame_001740.jpg -1.430539 -0.520062 -3.640271 0.026110 0.145487 -0.136756 0.979515
frame_001755.jpg -1.494597 -0.548363 -3.790707 0.023922 0.156911 -0.137981 0.977634
frame_001770.jpg -1.662986 -0.563147 -3.893164 0.021414 0.177189 -0.140522 0.973858
frame_001785.jpg -1.798414 -0.579959 -3.986422 0.018314 0.197193 -0.143748 0.969596
frame_001800.jpg -2.089809 -0.596749 -4.010450 0.012353 0.232420 -0.149912 0.960913
frame_001815.jpg -2.400088 -0.609966 -3.995732 0.006260 0.270584 -0.155873 0.949973
frame_001830.jpg -2.781642 -0.628456 -3.926226 -0.001925 0.315630 -0.163081 0.934761
frame_001845.jpg -3.220108 -0.628513 -3.763302 -0.010880 0.368115 -0.169448 0.914145
frame_001860.jpg -3.661717 -0.644158 -3.507759 -0.021989 0.421038 -0.175788 0.889574
frame_001875.jpg -3.886258 -0.538853 -3.302888 -0.021823 0.460438 -0.179664 0.869046
frame_001890.jpg -4.308923 -0.480122 -2.856678 -0.030802 0.522691 -0.186193 0.831371
frame_001905.jpg -4.696604 -0.422108 -2.282880 -0.042514 0.587255 -0.193736 0.784723
frame_001920.jpg -4.882886 -0.351122 -1.778545 -0.050411 0.637392 -0.198193 0.742906
frame_001935.jpg -4.978613 -0.239997 -1.278357 -0.054848 0.685397 -0.202078 0.697414
frame_001950.jpg -5.098458 -0.132397 -0.596201 -0.061880 0.740627 -0.200124 0.638430
frame_001965.jpg -5.080561 -0.064766 -0.007121 -0.071756 0.783623 -0.205740 0.581771
frame_001980.jpg -4.985662 0.048028 0.597052 -0.074999 0.825033 -0.203183 0.521931
frame_001995.jpg -4.800447 0.099967 1.241885 -0.087884 0.864194 -0.203800 0.451564
frame_002010.jpg -4.562116 0.143870 1.793655 -0.100238 0.894402 -0.204129 0.385134
frame_002025.jpg -4.209263 0.223207 2.298120 -0.106587 0.920463 -0.201305 0.317590
frame_002040.jpg -3.705580 0.301055 2.817159 -0.114066 0.944522 -0.197329 0.236494
frame_002055.jpg -3.184101 0.356579 3.199357 -0.119531 0.960504 -0.191143 0.163121
frame_002070.jpg -2.649920 0.402675 3.475763 -0.124018 0.970270 -0.185435 0.093859
frame_002085.jpg -2.110152 0.436189 3.665521 -0.127160 0.975351 -0.178181 0.027798
frame_002100.jpg -1.742365 0.446491 3.699721 -0.129353 0.976166 -0.173686 -0.014179
frame_002115.jpg -1.627025 0.437246 3.596929 -0.129471 0.976224 -0.172040 -0.025034
frame_002130.jpg -1.576467 0.420556 3.435829 -0.129477 0.976104 -0.172201 -0.028354
frame_002145.jpg -1.505359 0.405867 3.297074 -0.129719 0.975923 -0.171751 -0.035331
frame_002160.jpg -1.426786 0.391779 3.176986 -0.130042 0.975741 -0.170623 -0.043664
frame_002175.jpg -1.303481 0.378111 3.043018 -0.130278 0.975220 -0.168584 -0.059597
frame_002190.jpg -1.171058 0.363178 2.926148 -0.131382 0.974233 -0.166060 -0.077669
frame_002205.jpg -1.077880 0.351490 2.807493 -0.131719 0.973283 -0.164523 -0.091117
frame_002220.jpg -1.038666 0.339431 2.683935 -0.132446 0.972651 -0.164221 -0.097162
frame_002235.jpg -1.031695 0.323343 2.550603 -0.132998 0.972435 -0.164496 -0.098098
frame_002250.jpg -1.034275 0.303762 2.389527 -0.132669 0.972583 -0.164706 -0.096714
frame_002265.jpg -1.052960 0.274521 2.192651 -0.132105 0.973113 -0.164752 -0.091958
frame_002280.jpg -1.082326 0.248715 1.999923 -0.132398 0.973568 -0.165153 -0.085798
frame_002295.jpg -1.112054 0.220899 1.806175 -0.132651 0.974090 -0.165497 -0.078511
frame_002310.jpg -1.130813 0.198003 1.622741 -0.132713 0.974463 -0.166616 -0.071054
frame_002325.jpg -1.147015 0.185097 1.434007 -0.132324 0.974872 -0.166916 -0.065222
frame_002340.jpg -1.173301 0.134134 1.241344 -0.130979 0.974708 -0.170042 -0.062248
frame_002355.jpg -1.174401 0.136776 1.085649 -0.132292 0.974902 -0.169389 -0.058075
frame_002370.jpg -1.144360 0.132534 0.931721 -0.132808 0.975008 -0.168047 -0.058997
frame_002385.jpg -1.109805 0.083246 0.804603 -0.131678 0.973818 -0.168128 -0.077929
frame_002400.jpg -1.049621 0.086129 0.688173 -0.133086 0.972791 -0.164699 -0.094022
frame_002415.jpg -0.995571 0.086319 0.564288 -0.134401 0.971573 -0.162043 -0.108280
frame_002430.jpg -0.940905 0.076796 0.436784 -0.135171 0.970991 -0.160059 -0.115266
frame_002445.jpg -0.902114 0.071282 0.265351 -0.136066 0.971535 -0.159124 -0.110842
frame_002460.jpg -0.930884 0.011132 0.069109 -0.133082 0.972666 -0.163356 -0.097599
frame_002475.jpg -0.909655 -0.001239 -0.075715 -0.134127 0.973228 -0.164083 -0.088957
frame_002490.jpg -0.898800 -0.020778 -0.221398 -0.134076 0.973199 -0.163788 -0.089888
frame_002505.jpg -0.891642 -0.039892 -0.383694 -0.133621 0.973123 -0.164304 -0.090448
frame_002520.jpg -0.874736 -0.060294 -0.541469 -0.133671 0.973016 -0.165255 -0.089794
frame_002535.jpg -0.872802 -0.085656 -0.715182 -0.133513 0.972866 -0.166031 -0.090223
frame_002550.jpg -0.866026 -0.103804 -0.890604 -0.133336 0.972930 -0.165803 -0.090213
frame_002565.jpg -0.860455 -0.123576 -1.036450 -0.133477 0.972653 -0.165653 -0.093211
frame_002580.jpg -0.862026 -0.143509 -1.180463 -0.133946 0.972266 -0.165726 -0.096398
frame_002595.jpg -0.861922 -0.156324 -1.310465 -0.134069 0.972115 -0.165071 -0.098836
frame_002610.jpg -0.854249 -0.169726 -1.457530 -0.133311 0.972271 -0.164266 -0.099670
frame_002625.jpg -0.848406 -0.197880 -1.629893 -0.133435 0.972110 -0.165092 -0.099707
frame_002640.jpg -0.847897 -0.219289 -1.792807 -0.133533 0.972021 -0.164500 -0.101410
frame_002655.jpg -0.871832 -0.236590 -1.967236 -0.134178 0.971737 -0.163334 -0.105098
frame_002670.jpg -0.888499 -0.245845 -2.098277 -0.134232 0.971522 -0.162784 -0.107830
frame_002685.jpg -0.888619 -0.279108 -2.249476 -0.133810 0.971220 -0.163767 -0.109578
frame_002700.jpg -0.884560 -0.301509 -2.413488 -0.133760 0.971149 -0.163441 -0.110749
frame_002715.jpg -0.899405 -0.328880 -2.566588 -0.134157 0.970779 -0.163603 -0.113241
frame_002730.jpg -0.918793 -0.330771 -2.726291 -0.134073 0.970758 -0.161237 -0.116857
frame_002745.jpg -0.961665 -0.360768 -2.867053 -0.134559 0.969963 -0.161200 -0.122800
frame_002760.jpg -0.968167 -0.389752 -3.012710 -0.135899 0.969314 -0.161370 -0.126182
frame_002775.jpg -1.007683 -0.396062 -3.190217 -0.135301 0.969226 -0.158933 -0.130520
frame_002790.jpg -1.058815 -0.437763 -3.354536 -0.135279 0.968365 -0.160098 -0.135416
frame_002805.jpg -1.012283 -0.466265 -3.523779 -0.136113 0.968424 -0.161338 -0.132661
frame_002820.jpg -0.936165 -0.465702 -3.677927 -0.135891 0.969136 -0.161471 -0.127423
frame_002835.jpg -1.018404 -0.495405 -3.848823 -0.135218 0.968613 -0.161690 -0.131760
frame_002850.jpg -1.014837 -0.505622 -4.016147 -0.134265 0.968983 -0.161191 -0.130620
frame_002865.jpg -0.977037 -0.534345 -4.166292 -0.135646 0.968958 -0.162387 -0.127870
frame_002880.jpg -0.895358 -0.516894 -4.322474 -0.136330 0.969842 -0.161213 -0.121784
frame_002895.jpg -0.984571 -0.583529 -4.463558 -0.136103 0.968853 -0.163327 -0.126979
frame_002910.jpg -0.980928 -0.601007 -4.625739 -0.136862 0.968916 -0.162663 -0.126534
frame_002925.jpg -1.025092 -0.605498 -4.806179 -0.137054 0.968760 -0.160836 -0.129816
frame_002940.jpg -1.060143 -0.649554 -4.962412 -0.137319 0.968057 -0.161762 -0.133576
frame_002955.jpg -1.154300 -0.632902 -5.114482 -0.137251 0.967550 -0.157707 -0.141907
frame_002970.jpg -1.325915 -0.583667 -5.226419 -0.136886 0.966403 -0.151368 -0.156256
frame_003000.jpg -1.949417 -0.641184 -5.352042 -0.138286 0.955923 -0.144477 -0.214977
frame_003015.jpg -2.362485 -0.622274 -5.332108 -0.138303 0.947886 -0.137173 -0.252128
frame_003045.jpg -3.221421 -0.623363 -5.184266 -0.138436 0.925445 -0.124955 -0.329807
frame_003240.jpg -6.309175 -0.037226 0.822701 0.108842 -0.491105 -0.004778 0.864261
frame_003255.jpg -6.125308 0.042382 1.262345 0.104113 -0.451340 -0.015771 0.886117
frame_003270.jpg -5.910361 0.102367 1.701223 0.102792 -0.409755 -0.026974 0.905984
frame_003285.jpg -5.651300 0.165206 2.102584 0.097884 -0.367576 -0.037562 0.924065
frame_003300.jpg -5.376364 0.210445 2.468467 0.093068 -0.326580 -0.045970 0.939452
frame_003315.jpg -5.015029 0.278730 2.864707 0.086922 -0.278970 -0.057237 0.954643
frame_003330.jpg -4.535035 0.343041 3.304175 0.079458 -0.220536 -0.069076 0.969680
frame_003345.jpg -4.028003 0.399764 3.681588 0.072489 -0.163609 -0.081160 0.980505
frame_003360.jpg -3.372519 0.463619 4.040482 0.063763 -0.095566 -0.094732 0.988851
frame_003375.jpg -2.738626 0.507945 4.290088 0.054713 -0.033060 -0.106025 0.992307
frame_003390.jpg -2.232003 0.543158 4.416675 0.047724 0.014911 -0.115043 0.992101
frame_003405.jpg -1.961211 0.541373 4.366923 0.044346 0.038623 -0.119017 0.991149
frame_003420.jpg -1.837503 0.520280 4.220617 0.043727 0.048096 -0.120647 0.990565
frame_003435.jpg -1.704328 0.503335 4.087259 0.042368 0.059521 -0.122420 0.989786
frame_003450.jpg -1.535443 0.493513 3.972444 0.039984 0.075033 -0.124744 0.988539
frame_003465.jpg -1.393545 0.479735 3.857091 0.038080 0.088685 -0.127070 0.987187
frame_003480.jpg -1.317769 0.468221 3.734041 0.037230 0.094802 -0.128074 0.986521
frame_003495.jpg -1.378201 0.436997 3.538090 0.038845 0.085581 -0.126380 0.987520
frame_003510.jpg -1.448732 0.410548 3.340574 0.040132 0.074648 -0.124017 0.988654
frame_003525.jpg -1.486961 0.385046 3.161379 0.041149 0.068108 -0.122565 0.989265
frame_003540.jpg -1.513549 0.357268 2.985187 0.042534 0.062865 -0.121513 0.989683
frame_003555.jpg -1.512893 0.334905 2.817191 0.042766 0.062218 -0.121467 0.989720
frame_003570.jpg -1.465741 0.313368 2.654578 0.042612 0.069584 -0.123211 0.989020
frame_003585.jpg -1.419253 0.295708 2.507924 0.041564 0.076975 -0.124136 0.988401
frame_003600.jpg -1.376905 0.281904 2.381961 0.040104 0.084292 -0.125141 0.987738
frame_003615.jpg -1.339715 0.264590 2.253926 0.040267 0.091216 -0.127076 0.986869
frame_003630.jpg -1.302803 0.251416 2.117727 0.038079 0.097959 -0.127783 0.986218
frame_003645.jpg -1.271378 0.233384 1.949042 0.036956 0.103923 -0.129195 0.985466
frame_003660.jpg -1.256732 0.214279 1.769774 0.035882 0.105833 -0.129417 0.985273
frame_003675.jpg -1.243549 0.191540 1.577182 0.035970 0.108550 -0.130210 0.984870
frame_003690.jpg -1.230331 0.168127 1.411678 0.035007 0.110279 -0.129890 0.984755
frame_003705.jpg -1.231318 0.145454 1.221682 0.035966 0.107110 -0.129835 0.985077
frame_003720.jpg -1.244032 0.118487 1.046440 0.036367 0.099317 -0.128318 0.986077
frame_003735.jpg -1.263842 0.095437 0.879741 0.037214 0.092730 -0.126707 0.986895
frame_003750.jpg -1.273901 0.070929 0.700732 0.038724 0.085189 -0.124904 0.987746
frame_003765.jpg -1.281048 0.046460 0.507983 0.040681 0.077829 -0.123674 0.988429
frame_003780.jpg -1.284196 0.020501 0.303570 0.041872 0.070252 -0.122042 0.989150
frame_003795.jpg -1.274365 -0.009912 0.096156 0.042148 0.062607 -0.120251 0.989870
frame_003810.jpg -1.276934 -0.032864 -0.110017 0.043688 0.061994 -0.120663 0.989792
frame_003825.jpg -1.275624 -0.058627 -0.287458 0.043310 0.067755 -0.122400 0.989218
frame_003840.jpg -1.278003 -0.078636 -0.436446 0.041984 0.074317 -0.122989 0.988731
frame_003855.jpg -1.282868 -0.096904 -0.577910 0.041123 0.080967 -0.124405 0.988067
frame_003870.jpg -1.294173 -0.127106 -0.734382 0.037764 0.088066 -0.126098 0.987379
frame_003885.jpg -1.293494 -0.137636 -0.896354 0.036267 0.093668 -0.127998 0.986675
frame_003900.jpg -1.291602 -0.164065 -1.052194 0.034836 0.099115 -0.128517 0.986127
frame_003915.jpg -1.299995 -0.186087 -1.202550 0.033878 0.105017 -0.129451 0.985427
frame_003930.jpg -1.310634 -0.213516 -1.372318 0.032778 0.111554 -0.130802 0.984567
frame_003945.jpg -1.356409 -0.242168 -1.540155 0.030665 0.120783 -0.132517 0.983316
frame_003960.jpg -1.415616 -0.260917 -1.698971 0.029408 0.130260 -0.133889 0.981958
frame_003975.jpg -1.377925 -0.287182 -1.851666 0.028141 0.133141 -0.134043 0.981587
frame_003990.jpg -1.386935 -0.313004 -1.990164 0.026538 0.138747 -0.135470 0.980659
frame_004005.jpg -1.417866 -0.324785 -2.101738 0.026014 0.143239 -0.135890 0.979969
frame_004020.jpg -1.389149 -0.336389 -2.256784 0.027215 0.137889 -0.135747 0.980724
frame_004035.jpg -1.315240 -0.369243 -2.447850 0.027814 0.126975 -0.133495 0.982488
frame_004050.jpg -1.330334 -0.393557 -2.596218 0.027393 0.126314 -0.133406 0.982597
frame_004065.jpg -1.332478 -0.409693 -2.749355 0.027791 0.127160 -0.133810 0.982422
frame_004080.jpg -1.325049 -0.453352 -3.040406 0.026835 0.130876 -0.133784 0.981964
frame_004095.jpg -1.394548 -0.468111 -3.193474 0.026017 0.140462 -0.135492 0.980426
frame_004110.jpg -1.449652 -0.489014 -3.337595 0.024565 0.150216 -0.136789 0.978836
frame_004125.jpg -1.546397 -0.499602 -3.472499 0.023744 0.162767 -0.139644 0.976444
frame_004140.jpg -1.600243 -0.517768 -3.590008 0.022595 0.171755 -0.140501 0.974807
frame_004155.jpg -1.693373 -0.551791 -3.705061 0.019320 0.184810 -0.142292 0.972227
frame_004170.jpg -1.892848 -0.549357 -3.815869 0.017551 0.210009 -0.145532 0.966648
frame_004185.jpg -2.062029 -0.568480 -3.904148 0.013937 0.231781 -0.149096 0.961173
frame_004200.jpg -2.280726 -0.596139 -3.985073 0.008688 0.259100 -0.153622 0.953516
frame_004215.jpg -2.546513 -0.621717 -4.019471 0.002721 0.291353 -0.158184 0.943443
frame_004230.jpg -2.865140 -0.639781 -3.964722 -0.004619 0.328906 -0.163457 0.930097
frame_004245.jpg -3.355644 -0.668763 -3.754545 -0.016300 0.384847 -0.171522 0.906756
frame_004260.jpg -3.546827 -0.551334 -3.574910 -0.015035 0.424805 -0.174225 0.888235
frame_004275.jpg -3.934557 -0.524733 -3.232240 -0.024793 0.482571 -0.182221 0.856333
frame_004290.jpg -4.222722 -0.482323 -2.893487 -0.032068 0.529634 -0.187381 0.826649
frame_004305.jpg -4.511314 -0.440202 -2.462552 -0.041026 0.579665 -0.192377 0.790757
frame_004320.jpg -4.764821 -0.325919 -1.812393 -0.049583 0.646219 -0.198962 0.735090
frame_004335.jpg -4.931619 -0.172630 -0.989487 -0.057883 0.718128 -0.202026 0.663421
frame_004350.jpg -4.998764 -0.039027 -0.130913 -0.065226 0.781801 -0.199449 0.587156
frame_004365.jpg -4.912932 0.039316 0.510979 -0.074651 0.823633 -0.203065 0.524233
frame_004380.jpg -4.790879 0.080843 1.032434 -0.085391 0.854646 -0.204751 0.469431
frame_004395.jpg -4.579945 0.118490 1.633223 -0.099431 0.887420 -0.204934 0.400752
frame_004410.jpg -4.289588 0.187718 2.054930 -0.104522 0.910924 -0.202458 0.343952
frame_004425.jpg -3.898929 0.252655 2.471106 -0.110580 0.932783 -0.199535 0.279057
frame_004440.jpg -3.389543 0.312817 2.870555 -0.116309 0.952106 -0.194704 0.205079
frame_004455.jpg -2.847248 0.363366 3.183667 -0.120944 0.965653 -0.188367 0.131925
frame_004470.jpg -2.357402 0.396268 3.375810 -0.124610 0.972858 -0.182217 0.069400
frame_004485.jpg -1.871440 0.419320 3.505679 -0.128094 0.975908 -0.176331 0.010182
frame_004500.jpg -1.471729 0.432199 3.538179 -0.129801 0.975991 -0.170546 -0.038819
frame_004515.jpg -1.250588 0.433689 3.496539 -0.130565 0.975000 -0.167338 -0.065774
frame_004530.jpg -1.068748 0.427569 3.428170 -0.131403 0.973496 -0.164518 -0.089288
frame_004545.jpg -0.954952 0.424517 3.382780 -0.131589 0.972417 -0.162321 -0.103643
frame_004560.jpg -0.869733 0.420885 3.337344 -0.132071 0.971275 -0.161316 -0.114713
frame_004575.jpg -0.847697 0.415247 3.301404 -0.132198 0.971060 -0.160660 -0.117279
frame_004590.jpg -0.845587 0.416330 3.301036 -0.132035 0.971033 -0.160680 -0.117661
frame_004605.jpg -0.845261 0.416575 3.301088 -0.132166 0.970996 -0.160756 -0.117713
