# name tx ty tz qx qy qz qw
frame_000000.jpg 3.871944 0.113366 1.639329 -0.067287 0.995695 -0.000532 0.063750
frame_000015.jpg 3.871340 0.112984 1.640488 -0.067196 0.995726 -0.000676 0.063348
frame_000030.jpg 3.857143 0.105917 1.637012 -0.067199 0.995512 0.000336 0.066632
frame_000045.jpg 3.815755 0.120504 1.594210 -0.071655 0.994092 0.005434 0.081347
frame_000060.jpg 3.829111 0.111683 1.434310 -0.071108 0.994329 0.000377 0.079077
frame_000075.jpg 3.804377 0.078469 1.385118 -0.069453 0.992650 0.005533 0.098951
frame_000090.jpg 3.798196 0.133000 1.389974 -0.074148 0.990673 -0.007997 0.114041
frame_000105.jpg 3.820238 0.127538 1.354622 -0.074995 0.989597 -0.004509 0.122695
frame_000120.jpg 3.918676 0.108561 1.094241 -0.075818 0.990564 0.000061 0.114171
frame_000135.jpg 4.021202 0.098228 0.736040 -0.077376 0.991509 0.010274 0.104003
frame_000150.jpg 4.084378 0.086115 0.297028 -0.077940 0.993217 0.012893 0.085317
frame_000165.jpg 4.120547 0.060027 0.045950 -0.077439 0.992985 0.005413 0.089186
frame_000180.jpg 4.190125 0.027742 -0.281890 -0.076530 0.992609 0.009840 0.093663
frame_000195.jpg 4.255779 0.051493 -0.609562 -0.082008 0.992415 0.005095 0.091440
frame_000210.jpg 4.338499 0.017450 -0.836442 -0.079337 0.990815 0.012201 0.108822
frame_000225.jpg 4.481493 0.043343 -0.796376 -0.084927 0.985591 0.007506 0.146086
frame_000240.jpg 4.549349 -0.026850 -1.057140 -0.082868 0.985929 -0.002938 0.145150
frame_000255.jpg 4.668653 -0.031566 -1.061042 -0.084102 0.981127 -0.004011 0.174070
frame_000270.jpg 4.788258 -0.028778 -0.952499 -0.084361 0.973465 -0.003113 0.212696
frame_000285.jpg 4.908971 0.029352 -0.415713 -0.090319 0.954945 -0.006278 0.282637
frame_000300.jpg 4.833525 0.067452 0.851952 -0.093089 0.905305 -0.017390 0.414072
frame_000315.jpg 4.163114 0.191874 2.489093 -0.102009 0.809197 -0.031788 0.577740
frame_000330.jpg 3.164986 0.273365 3.634729 -0.103718 0.704384 -0.042022 0.700942
frame_000345.jpg 2.470119 0.294602 4.072222 -0.101395 0.640073 -0.045802 0.760215
frame_000360.jpg 2.123198 0.274813 4.142251 -0.101469 0.603063 -0.048644 0.789717
frame_000375.jpg 2.067613 0.272078 3.896039 -0.103323 0.595107 -0.046029 0.795646
frame_000390.jpg 2.118114 0.269565 3.553466 -0.107192 0.597729 -0.041582 0.793411
frame_000405.jpg 2.059677 0.213543 3.295516 -0.101103 0.584610 -0.043799 0.803798
frame_000420.jpg 2.104054 0.141628 2.941669 -0.098200 0.586548 -0.046220 0.802609
frame_000435.jpg 2.042870 0.102669 2.633025 -0.097432 0.575470 -0.044023 0.810804
frame_000450.jpg 2.001305 0.056007 2.337756 -0.093361 0.563767 -0.042879 0.819519
frame_000465.jpg 2.050309 0.020768 2.008382 -0.092535 0.557386 -0.038942 0.824161
frame_000480.jpg 2.141175 0.025839 1.562669 -0.093880 0.564536 -0.039986 0.819077
frame_000495.jpg 2.212566 -0.009939 1.100601 -0.096280 0.581512 -0.041215 0.806769
frame_000510.jpg 2.249162 -0.044358 0.713718 -0.096084 0.578049 -0.040963 0.809289
frame_000525.jpg 2.299494 -0.089828 0.230847 -0.092037 0.587795 -0.042647 0.802625
frame_000540.jpg 2.338879 -0.105311 -0.243863 -0.090972 0.604809 -0.042269 0.790028
frame_000555.jpg 2.360852 -0.144020 -0.607838 -0.091210 0.605900 -0.041953 0.789181
frame_000570.jpg 2.337583 -0.161676 -1.024867 -0.093159 0.612996 -0.039837 0.783563
frame_000585.jpg 2.273501 -0.219895 -1.342762 -0.079880 0.619079 -0.043655 0.780035
frame_000600.jpg 2.198457 -0.324529 -1.636105 -0.107745 0.641211 -0.061367 0.757281
frame_000615.jpg 2.320716 -0.294363 -1.841086 -0.129342 0.625165 -0.057671 0.767537
frame_000630.jpg 2.179316 -0.380182 -2.298817 -0.115940 0.650381 -0.065156 0.747875
frame_000645.jpg 2.228673 -0.385551 -2.570404 -0.115081 0.639602 -0.062828 0.757442
frame_000660.jpg 2.321933 -0.403516 -2.784211 -0.113623 0.626015 -0.065752 0.768681
frame_000675.jpg 2.308268 -0.421261 -3.056832 -0.114460 0.628738 -0.065413 0.766360
frame_000690.jpg 2.232792 -0.330003 -3.388986 -0.108339 0.640061 -0.060799 0.758214
frame_000705.jpg 2.353389 -0.302631 -3.597840 -0.104128 0.629201 -0.058686 0.767997
frame_000720.jpg 2.420393 -0.262867 -3.863999 -0.103244 0.625908 -0.053138 0.771204
frame_000735.jpg 2.473154 -0.220360 -4.073775 -0.108193 0.622861 -0.045820 0.773459
frame_000750.jpg 3.250928 -0.207937 -3.566350 -0.101840 0.542041 -0.054745 0.832360
frame_000765.jpg 4.225985 -0.157832 -2.360123 -0.097916 0.395122 -0.065129 0.911070
frame_000780.jpg 4.745036 -0.024455 -0.729715 -0.086371 0.212170 -0.068610 0.970987
frame_000795.jpg 4.750844 -0.010950 0.228467 -0.074692 0.099323 -0.074626 0.989438
frame_000810.jpg 4.724075 0.007662 0.491720 -0.075595 0.073569 -0.075154 0.991577
frame_000825.jpg 4.575537 0.021270 1.083759 -0.073264 0.016169 -0.078735 0.994068
frame_000840.jpg 4.537088 0.029630 1.216471 -0.068253 0.000109 -0.077427 0.994659
frame_000855.jpg 4.349668 0.217124 1.724437 -0.070550 -0.064565 -0.063184 0.993409
frame_000870.jpg 4.186128 0.090223 1.894584 -0.062166 -0.101951 -0.077039 0.989852
frame_000885.jpg 4.201304 0.057194 1.569866 -0.059709 -0.098705 -0.077852 0.990268
frame_000900.jpg 4.220830 0.027720 1.178478 -0.064576 -0.094139 -0.079882 0.990246
frame_000915.jpg 4.242498 0.024043 0.947260 -0.067959 -0.106497 -0.079146 0.988826
frame_000930.jpg 4.281199 0.003502 0.519744 -0.064974 -0.097013 -0.077137 0.990160
frame_000945.jpg 4.227334 -0.074030 0.393803 -0.050548 -0.123580 -0.086834 0.987235
frame_000960.jpg 4.215279 -0.064457 0.151530 -0.052425 -0.134964 -0.083822 0.985906
frame_000975.jpg 4.232652 -0.066798 -0.158981 -0.057486 -0.139621 -0.081801 0.985145
frame_000990.jpg 4.262617 -0.121524 -0.525480 -0.062252 -0.136755 -0.084531 0.985027
frame_001005.jpg 4.300718 -0.112667 -0.760027 -0.061061 -0.150306 -0.081384 0.983390
frame_001020.jpg 4.332413 -0.125886 -0.879626 -0.053240 -0.170677 -0.084507 0.980252
frame_001035.jpg 4.321235 -0.115701 -1.227389 -0.056460 -0.165063 -0.079807 0.981426
frame_001050.jpg 4.320885 -0.176427 -1.359785 -0.059365 -0.169821 -0.084899 0.980015
frame_001065.jpg 4.520996 -0.107874 -0.212376 -0.049263 -0.301239 -0.084499 0.948519
frame_001080.jpg 4.130560 0.036440 1.550350 -0.025725 -0.493108 -0.075922 0.866267
frame_001095.jpg 3.461905 0.058455 2.552223 -0.011093 -0.610654 -0.075857 0.788178
frame_001110.jpg 2.834472 0.078989 3.114042 -0.000284 -0.689250 -0.072470 0.720890
frame_001125.jpg 2.350845 0.108024 3.402185 0.006665 -0.738586 -0.068302 0.670657
frame_001140.jpg 2.039798 0.131431 3.545150 0.012732 -0.766869 -0.066364 0.638236
frame_001155.jpg 1.907714 0.170589 3.478243 0.016087 -0.779130 -0.069181 0.622826
frame_001170.jpg 1.927374 0.154832 3.262261 0.013519 -0.778164 -0.064657 0.624578
frame_001185.jpg 1.872946 0.136983 3.087912 0.015738 -0.785579 -0.064628 0.615176
frame_001200.jpg 1.902778 0.105145 2.814269 0.016020 -0.783634 -0.063649 0.617746
frame_001215.jpg 1.885712 0.099444 2.579323 0.021999 -0.784347 -0.062870 0.616736
frame_001230.jpg 1.796065 0.044010 2.393532 0.018454 -0.794494 -0.066998 0.603283
frame_001245.jpg 1.746231 0.037808 2.208673 0.020409 -0.802060 -0.063860 0.593469
frame_001260.jpg 1.711993 -0.000510 1.988245 0.024883 -0.807234 -0.068166 0.585754
frame_001275.jpg 1.653787 -0.025793 1.862260 0.028876 -0.816768 -0.068831 0.572117
frame_001290.jpg 1.659726 -0.081881 1.710579 0.027339 -0.809670 -0.078720 0.580939
frame_001305.jpg 1.705728 0.027322 1.584683 0.018320 -0.806555 -0.057305 0.588090
frame_001320.jpg 1.749278 0.057081 1.340441 -0.002223 -0.797616 -0.040743 0.601784
frame_001335.jpg 1.645462 0.046763 1.183846 0.001486 -0.819628 -0.040670 0.571448
frame_001350.jpg 1.660797 0.011742 0.797029 0.000029 -0.811763 -0.043039 0.582400
frame_001365.jpg 1.710006 -0.036757 0.357494 -0.005795 -0.800850 -0.047707 0.596934
frame_001380.jpg 1.751993 -0.069865 -0.105254 -0.013370 -0.788989 -0.036689 0.613166
frame_001395.jpg 1.782596 -0.085068 -0.522989 -0.002151 -0.789399 -0.048770 0.611936
frame_001410.jpg 1.839605 -0.083795 -0.900126 0.003822 -0.792280 -0.043371 0.608602
frame_001425.jpg 1.927654 -0.111877 -1.303261 0.005790 -0.794503 -0.045396 0.605533
frame_001440.jpg 2.007086 -0.148922 -1.730633 0.004120 -0.792844 -0.046395 0.607642
frame_001455.jpg 2.105738 -0.177035 -2.158354 0.006722 -0.796221 -0.038046 0.603771
frame_001470.jpg 2.306527 -0.197495 -2.465973 0.008061 -0.812310 -0.039678 0.581818
frame_001485.jpg 2.440089 -0.246927 -2.826470 0.006623 -0.816254 -0.036247 0.576516
frame_001500.jpg 2.539576 -0.240700 -3.205196 0.008969 -0.816925 -0.040237 0.575268
frame_001515.jpg 2.738365 -0.232983 -3.380795 0.014167 -0.826821 -0.038312 0.560980
frame_001530.jpg 2.718628 -0.225868 -3.584291 0.014011 -0.823781 -0.042514 0.565138
frame_001545.jpg 2.986940 -0.221731 -3.517141 0.017989 -0.843805 -0.036984 0.535071
frame_001560.jpg 3.802094 -0.135541 -2.673749 -0.032822 0.909947 0.031372 -0.412231
frame_001575.jpg 4.407057 -0.049418 -1.424481 -0.047053 0.964484 0.025709 -0.258644
frame_001590.jpg 4.550080 0.025290 0.179710 -0.059694 0.994858 0.015560 -0.080327
frame_001605.jpg 4.405989 0.120962 1.190898 -0.071136 0.996592 0.006369 0.041274
frame_001620.jpg 4.259295 0.163259 1.628634 -0.078135 0.991258 0.002742 0.106274
frame_001635.jpg 4.195340 0.181189 1.622770 -0.081919 0.987724 -0.002245 0.132991
frame_001650.jpg 4.227551 0.200901 1.350222 -0.085555 0.986929 -0.002863 0.136540
frame_001665.jpg 4.295709 0.160311 0.970342 -0.085158 0.987734 0.007431 0.130667
frame_001680.jpg 4.306622 0.068035 0.701924 -0.076697 0.987518 0.008728 0.137292
frame_001695.jpg 4.342476 0.063946 0.304311 -0.079734 0.988279 -0.003312 0.130139
frame_001710.jpg 4.347017 0.020273 0.111119 -0.076181 0.984953 0.009682 0.154821
frame_001725.jpg 4.406124 0.085449 -0.098837 -0.087997 0.981896 -0.003623 0.167702
frame_001740.jpg 4.473765 -0.051757 -0.448064 -0.075395 0.981802 -0.000617 0.174300
frame_001755.jpg 4.479160 -0.005702 -0.902502 -0.081176 0.983728 0.005766 0.160175
frame_001770.jpg 4.551601 -0.029131 -1.050487 -0.083598 0.981222 -0.001385 0.173818
frame_001785.jpg 4.622378 -0.061000 -1.096443 -0.080938 0.977452 -0.000807 0.195026
frame_001800.jpg 4.740594 -0.001425 -0.633233 -0.086666 0.961790 -0.003843 0.259683
frame_001815.jpg 4.573818 0.084477 1.009719 -0.094453 0.894978 -0.019302 0.435570
frame_001830.jpg 3.716233 0.169177 2.629304 -0.095668 0.784788 -0.033651 0.611410
frame_001845.jpg 2.634307 0.255184 3.443365 -0.104776 0.672953 -0.039553 0.731158
frame_001860.jpg 2.020837 0.205043 3.576182 -0.098378 0.606183 -0.047768 0.787771
frame_001875.jpg 1.783220 0.144436 3.409760 -0.095352 0.569701 -0.046635 0.814969
frame_001890.jpg 1.798633 0.131666 3.042588 -0.091414 0.559526 -0.048903 0.822303
frame_001905.jpg 1.793747 0.084381 2.687234 -0.090437 0.546721 -0.047240 0.831075
frame_001920.jpg 1.815250 0.078797 2.295843 -0.091956 0.541394 -0.040979 0.834720
frame_001935.jpg 1.860178 0.025997 1.842913 -0.092492 0.540993 -0.042137 0.834863
frame_001950.jpg 1.942551 -0.009326 1.413986 -0.092746 0.539422 -0.045747 0.835661
frame_001965.jpg 2.030794 -0.030663 0.933815 -0.093033 0.544288 -0.039495 0.832788
frame_001980.jpg 2.106405 -0.064303 0.459595 -0.092133 0.555791 -0.041698 0.825148
frame_001995.jpg 2.188436 -0.104604 0.057987 -0.091655 0.559979 -0.045397 0.822169
frame_002010.jpg 2.248730 -0.134500 -0.457405 -0.093445 0.577495 -0.043938 0.809837
frame_002025.jpg 2.273075 -0.180518 -0.816742 -0.090541 0.568583 -0.046220 0.816321
frame_002040.jpg 2.211475 -0.243271 -1.125017 -0.074468 0.577243 -0.051811 0.811517
frame_002055.jpg 2.276737 -0.259819 -1.011240 -0.076264 0.550512 -0.057589 0.829339
frame_002070.jpg 2.262691 -0.309428 -1.284281 -0.112909 0.580297 -0.067925 0.803675
frame_002085.jpg 2.216197 -0.282130 -1.723678 -0.126494 0.599102 -0.058824 0.788426
frame_002100.jpg 2.263879 -0.339790 -2.076454 -0.116624 0.590985 -0.065127 0.795546
frame_002115.jpg 2.447352 -0.355752 -2.371067 -0.113382 0.569536 -0.066585 0.811382
frame_002130.jpg 2.440788 -0.404521 -2.843970 -0.113269 0.582795 -0.068699 0.801748
frame_002145.jpg 2.371550 -0.204045 -3.390644 -0.130277 0.601768 -0.041463 0.786882
frame_002160.jpg 2.481219 -0.245376 -3.655850 -0.108093 0.595704 -0.052822 0.794143
frame_002175.jpg 2.820682 -0.239850 -3.667027 -0.101222 0.562111 -0.056846 0.818873
frame_002190.jpg 3.320952 -0.227759 -3.261523 -0.099203 0.496315 -0.061195 0.860282
frame_002205.jpg 4.230556 -0.116287 -1.745755 -0.090207 0.298556 -0.068677 0.947634
frame_002220.jpg 4.432615 -0.053926 -0.180567 -0.077358 0.104991 -0.077162 0.988453
frame_002235.jpg 4.224637 -0.017700 0.671098 -0.068052 -0.024116 -0.080838 0.994109
frame_002250.jpg 4.158168 0.012177 0.612425 -0.073678 -0.049858 -0.078547 0.992933
frame_002265.jpg 4.106468 0.000241 0.661156 -0.067681 -0.095403 -0.079939 0.989913
frame_002280.jpg 4.072858 -0.030305 0.569580 -0.062798 -0.123727 -0.082883 0.986853
frame_002295.jpg 4.080677 -0.082744 0.386835 -0.059473 -0.145258 -0.087900 0.983685
frame_002310.jpg 4.135685 -0.069264 0.024753 -0.055707 -0.148562 -0.083266 0.983815
frame_002325.jpg 4.210312 -0.055924 -0.259171 -0.061193 -0.159677 -0.078480 0.982140
frame_002340.jpg 4.242572 -0.116298 -0.725290 -0.058917 -0.153492 -0.083113 0.982884
frame_002355.jpg 4.321310 -0.142634 -0.897810 -0.058695 -0.174625 -0.084376 0.979256
frame_002370.jpg 4.360865 0.066620 -1.287819 -0.049973 -0.167924 -0.060497 0.982672
frame_002385.jpg 4.399055 -0.124143 -1.433626 -0.060169 -0.178122 -0.076880 0.979154
frame_002400.jpg 4.552513 -0.129414 -0.991472 -0.052644 -0.241680 -0.081339 0.965507
frame_002415.jpg 4.527847 -0.019489 0.831204 -0.032311 -0.432107 -0.079842 0.897700
frame_002430.jpg 3.820420 0.018075 2.174223 -0.014811 -0.584728 -0.074972 0.807622
frame_002445.jpg 3.032081 0.131873 3.031143 0.003818 -0.693325 -0.066894 0.717503
frame_002460.jpg 2.422686 0.158616 3.393738 0.012993 -0.753446 -0.063724 0.654285
frame_002475.jpg 2.204411 0.200768 3.389447 0.018762 -0.776432 -0.066997 0.626349
frame_002490.jpg 2.185358 0.117473 3.125982 0.015814 -0.777820 -0.066752 0.624732
frame_002505.jpg 2.092212 0.108646 2.931042 0.017336 -0.787602 -0.064232 0.612583
frame_002520.jpg 1.986946 0.095717 2.731814 0.022888 -0.799233 -0.061146 0.597464
frame_002535.jpg 1.963602 0.092007 2.456037 0.020871 -0.804530 -0.059391 0.590566
frame_002550.jpg 1.972499 0.072418 2.151605 0.026729 -0.806814 -0.056966 0.587445
frame_002565.jpg 1.880814 0.022150 2.019895 0.032615 -0.822018 -0.062718 0.565057
frame_002580.jpg 1.907602 -0.018657 1.833023 0.030166 -0.819108 -0.067583 0.568845
frame_002595.jpg 2.011762 0.031928 1.573804 0.015730 -0.801981 -0.056493 0.594464
frame_002610.jpg 2.079439 0.056255 1.228246 -0.006979 -0.783824 -0.037801 0.619792
frame_002625.jpg 2.002831 0.032666 0.985250 -0.004769 -0.798916 -0.039840 0.600103
frame_002640.jpg 1.990067 -0.025223 0.606050 -0.005864 -0.805256 -0.046273 0.591089
frame_002655.jpg 2.005819 -0.054551 0.139254 -0.001145 -0.803259 -0.047242 0.593752
frame_002670.jpg 2.025738 -0.082817 -0.387565 -0.004236 -0.792743 -0.044645 0.607904
frame_002685.jpg 2.075729 -0.104051 -0.899707 0.002244 -0.784979 -0.048057 0.617652
frame_002700.jpg 2.163982 -0.125254 -1.336223 0.003954 -0.789875 -0.043996 0.611675
frame_002715.jpg 2.270080 -0.162342 -1.777210 0.005405 -0.798065 -0.044251 0.600920
frame_002730.jpg 2.370781 -0.202604 -2.247852 0.005219 -0.801304 -0.042918 0.596693
frame_002745.jpg 2.518816 -0.208916 -2.627524 0.009892 -0.810146 -0.036451 0.585010
frame_002760.jpg 2.512021 -0.219142 -3.162610 0.011730 -0.803429 -0.034607 0.594279
frame_002775.jpg 2.586152 -0.237269 -3.557469 0.012812 -0.805500 -0.035830 0.591373
frame_002790.jpg 2.792371 -0.238420 -3.714324 0.012857 -0.820024 -0.042123 0.570632
frame_002805.jpg 3.176610 -0.200073 -3.579004 0.019689 -0.848562 -0.042140 0.527047
frame_002820.jpg 3.972205 -0.098248 -2.691349 -0.036869 0.912893 0.034993 -0.405021
frame_002835.jpg 4.603503 -0.069318 -1.029394 -0.047562 0.976721 0.027015 -0.207422
frame_002850.jpg 4.527230 0.061008 0.586273 -0.063982 0.997538 0.014650 -0.024677
frame_002865.jpg 4.510710 0.137751 1.236634 -0.075365 0.995038 0.006732 0.064615
frame_002880.jpg 4.450304 0.144032 1.501172 -0.076897 0.992071 0.003667 0.099339
frame_002895.jpg 4.422941 0.155415 1.598106 -0.078143 0.990664 0.001755 0.111695
