# name tx ty tz qx qy qz qw
frame_000000.jpg 1.268522 0.102391 0.837749 -0.002778 -0.025196 -0.010289 0.999626
frame_000005.jpg 1.266016 0.103040 0.846803 -0.002708 -0.025245 -0.010538 0.999622
frame_000010.jpg 1.262549 0.103426 0.852578 -0.002612 -0.025521 -0.010307 0.999618
frame_000015.jpg 1.266024 0.102697 0.846833 -0.002635 -0.025250 -0.010625 0.999621
frame_000020.jpg 1.262486 0.103146 0.852719 -0.002611 -0.025539 -0.010406 0.999616
frame_000025.jpg 1.263297 0.103522 0.851472 -0.002543 -0.025583 -0.010297 0.999616
frame_000030.jpg 1.268880 0.100186 0.837473 -0.002023 -0.025018 -0.010672 0.999628
frame_000035.jpg 1.266722 0.102653 0.842352 -0.000537 -0.025783 -0.008953 0.999627
frame_000040.jpg 1.276822 0.109518 0.814231 0.002349 -0.024388 -0.006197 0.999681
frame_000045.jpg 1.287852 0.109356 0.802989 0.001592 -0.025320 -0.007092 0.999653
frame_000050.jpg 1.292584 0.095890 0.753443 0.002217 -0.027728 -0.006264 0.999593
frame_000055.jpg 1.285256 0.103110 0.717507 0.003210 -0.035773 -0.004616 0.999344
frame_000060.jpg 1.262465 0.108115 0.763563 0.002545 -0.050738 -0.003160 0.998704
frame_000065.jpg 1.260223 0.108780 0.759799 0.003282 -0.052395 -0.002382 0.998618
frame_000070.jpg 1.277572 0.105506 0.738888 0.000006 -0.041298 -0.005320 0.999133
frame_000075.jpg 1.281345 0.107144 0.723879 0.001719 -0.038377 -0.003842 0.999254
frame_000080.jpg 1.298071 0.109124 0.700835 0.001410 -0.029543 -0.003744 0.999555
frame_000085.jpg 1.314647 0.099376 0.662660 0.000126 -0.014946 -0.007541 0.999860
frame_000090.jpg 1.319127 0.104023 0.652971 0.001679 -0.011151 -0.005038 0.999924
frame_000095.jpg 1.320219 0.103230 0.650888 0.001958 -0.010338 -0.005202 0.999931
frame_000100.jpg 1.318012 0.104685 0.655115 0.002600 -0.011886 -0.004344 0.999917
frame_000105.jpg 1.333497 0.106467 0.622777 0.002247 -0.001160 -0.005059 0.999984
frame_000110.jpg 1.325865 0.098414 0.553992 0.001798 0.008590 -0.006669 0.999939
frame_000115.jpg 1.334459 0.108711 0.541614 0.000862 0.000328 -0.004640 0.999989
frame_000120.jpg 1.328996 0.092023 0.478226 0.000923 -0.005712 -0.007469 0.999955
frame_000125.jpg 1.319979 0.103310 0.418790 -0.000067 -0.006932 -0.003206 0.999971
frame_000130.jpg 1.322364 0.100675 0.347866 -0.001899 -0.008670 -0.002787 0.999957
frame_000135.jpg 1.317182 0.097665 0.273577 -0.002930 -0.008935 -0.002282 0.999953
frame_000140.jpg 1.312606 0.090230 0.194474 -0.001897 -0.011038 -0.002910 0.999933
frame_000145.jpg 1.310858 0.088337 0.112605 -0.001455 -0.012560 -0.002682 0.999916
frame_000150.jpg 1.312044 0.065545 0.029230 -0.002471 -0.012490 -0.007487 0.999891
frame_000155.jpg 1.316449 0.061067 -0.046671 -0.002430 -0.014171 -0.009043 0.999856
frame_000160.jpg 1.329520 0.069677 -0.132004 -0.001659 -0.015053 -0.004833 0.999874
frame_000165.jpg 1.338138 0.055950 -0.219012 -0.002931 -0.017454 -0.006720 0.999821
frame_000170.jpg 1.344811 0.067155 -0.321719 -0.006661 -0.013427 -0.000429 0.999888
frame_000175.jpg 1.347137 0.055252 -0.431811 -0.003318 -0.011322 -0.004359 0.999921
frame_000180.jpg 1.339971 0.048834 -0.549950 0.000619 -0.006128 -0.007249 0.999955
frame_000185.jpg 1.336560 0.050342 -0.645653 0.001629 -0.005177 -0.006762 0.999962
frame_000190.jpg 1.360149 0.052042 -0.731528 0.004599 -0.014817 -0.006630 0.999858
frame_000195.jpg 1.377893 0.052131 -0.806048 0.008397 -0.025146 -0.008052 0.999616
frame_000200.jpg 1.399610 0.051084 -0.889799 0.007833 -0.030613 -0.006386 0.999480
frame_000205.jpg 1.415323 0.045975 -0.974565 0.010064 -0.033072 -0.009282 0.999359
frame_000210.jpg 1.425088 0.049562 -1.058491 0.008628 -0.030019 -0.005288 0.999498
frame_000215.jpg 1.411309 0.027019 -1.153152 0.004300 -0.020279 -0.008008 0.999753
frame_000220.jpg 1.391732 -0.002713 -1.251136 -0.000837 -0.010439 -0.012524 0.999867
frame_000225.jpg 1.381034 -0.008092 -1.362357 -0.001310 -0.004460 -0.011039 0.999928
frame_000230.jpg 1.406528 -0.005194 -1.458205 -0.000196 -0.009228 -0.010246 0.999905
frame_000235.jpg 1.424629 -0.018912 -1.530644 -0.001103 -0.015116 -0.011577 0.999818
frame_000240.jpg 1.431956 -0.014793 -1.613622 -0.002184 -0.016477 -0.007329 0.999835
frame_000245.jpg 1.449614 -0.018559 -1.697440 -0.001628 -0.019817 -0.007778 0.999772
frame_000250.jpg 1.481859 -0.023788 -1.774801 -0.001675 -0.025645 -0.007468 0.999642
frame_000255.jpg 1.513948 -0.037851 -1.846413 -0.005084 -0.030181 -0.006237 0.999512
frame_000260.jpg 1.509958 -0.025011 -1.939603 -0.004600 -0.026161 -0.001644 0.999646
frame_000265.jpg 1.487515 -0.044996 -2.031810 -0.004830 -0.020316 -0.006075 0.999763
frame_000270.jpg 1.502048 -0.033745 -2.100480 -0.004956 -0.023610 -0.001020 0.999708
frame_000275.jpg 1.524628 -0.050270 -2.161330 -0.003595 -0.028913 -0.007635 0.999546
frame_000280.jpg 1.533766 -0.044883 -2.236409 -0.002794 -0.029946 -0.005049 0.999535
frame_000285.jpg 1.548487 -0.054834 -2.300581 -0.000477 -0.032975 -0.011254 0.999393
frame_000290.jpg 1.583609 -0.045351 -2.345576 -0.002952 -0.038792 -0.002920 0.999239
frame_000295.jpg 1.625322 -0.067441 -2.391760 -0.001825 -0.046362 -0.011121 0.998861
frame_000300.jpg 1.638147 -0.053752 -2.429490 -0.002220 -0.049015 -0.004885 0.998784
frame_000305.jpg 1.679332 -0.058428 -2.476236 -0.000683 -0.057045 -0.007497 0.998343
frame_000310.jpg 1.721572 -0.057331 -2.504813 -0.001253 -0.065117 -0.005204 0.997863
frame_000315.jpg 1.773335 -0.054927 -2.526197 -0.000811 -0.076306 -0.004239 0.997075
frame_000320.jpg 1.864776 -0.051473 -2.535544 0.000453 -0.093458 -0.004644 0.995612
frame_000325.jpg 1.997877 -0.056607 -2.520138 -0.000457 -0.117211 -0.000986 0.993106
frame_000330.jpg 2.152941 -0.041045 -2.474160 0.000639 -0.144542 0.001856 0.989497
frame_000335.jpg 2.307766 -0.050206 -2.434753 0.000630 -0.171301 0.002327 0.985216
frame_000340.jpg 2.445761 -0.034931 -2.308102 0.000986 -0.199200 0.005533 0.979943
frame_000345.jpg 2.545006 0.014228 -2.069160 0.002607 -0.228884 0.012970 0.973364
frame_000350.jpg 2.689407 0.011166 -1.937334 0.002192 -0.259559 0.016339 0.965587
frame_000355.jpg 2.840193 0.041395 -1.789983 0.003993 -0.292001 0.019050 0.956220
frame_000360.jpg 2.953973 0.082395 -1.593770 0.004808 -0.324151 0.026586 0.945619
frame_000365.jpg 3.036100 0.103687 -1.429749 0.006061 -0.349894 0.029217 0.936314
frame_000370.jpg 3.110424 0.116683 -1.258765 0.005938 -0.375781 0.031400 0.926157
frame_000375.jpg 3.178380 0.143866 -1.072400 0.007938 -0.403014 0.034369 0.914514
frame_000380.jpg 3.241067 0.153744 -0.862954 0.008606 -0.432602 0.035013 0.900864
frame_000385.jpg 3.288255 0.160118 -0.659235 0.007829 -0.460477 0.036226 0.886897
frame_000390.jpg 3.314184 0.178973 -0.506943 0.008175 -0.480783 0.039029 0.875932
frame_000395.jpg 3.330971 0.190707 -0.375635 0.007882 -0.497983 0.041000 0.866181
frame_000400.jpg 3.338981 0.193788 -0.294150 0.008021 -0.508517 0.041200 0.860028
frame_000405.jpg 3.341098 0.206871 -0.259081 0.008430 -0.513014 0.043188 0.857251
frame_000410.jpg 3.343428 0.205640 -0.228186 0.008152 -0.516971 0.043057 0.854881
frame_000415.jpg 3.343081 0.214508 -0.225055 0.009182 -0.517357 0.043939 0.854592
frame_000420.jpg 3.210906 0.195579 -0.176686 0.008469 -0.515772 0.041284 0.855689
frame_000425.jpg 3.348595 0.212030 -0.121743 0.008444 -0.530489 0.043670 0.846524
frame_000430.jpg 3.349232 0.230604 -0.048303 0.009561 -0.539712 0.046024 0.840537
frame_000435.jpg 3.350187 0.220929 -0.017092 0.008361 -0.543637 0.044989 0.838072
frame_000440.jpg 3.350127 0.220551 0.029802 0.009177 -0.549476 0.044251 0.834286
frame_000445.jpg 3.346835 0.262094 0.053378 0.012062 -0.552349 0.049692 0.832043
frame_000450.jpg 3.346474 0.265854 0.057573 0.012686 -0.552858 0.049947 0.831680
frame_000455.jpg 3.349481 0.227124 0.047805 0.010525 -0.551695 0.044499 0.832791
frame_000460.jpg 3.348109 0.247664 0.041682 0.010675 -0.550925 0.048059 0.833101
frame_000465.jpg 3.343601 0.304857 0.017789 0.013439 -0.547887 0.056508 0.834534
frame_000470.jpg 3.348968 0.236235 0.039106 0.008872 -0.550636 0.047199 0.833363
frame_000475.jpg 3.347535 0.247309 0.076018 0.008369 -0.555223 0.049357 0.830194
frame_000480.jpg 3.346922 0.246436 0.101673 0.008065 -0.558401 0.049308 0.828065
frame_000485.jpg 3.344857 0.257174 0.136900 0.010661 -0.562709 0.049459 0.825105
frame_000490.jpg 3.345786 0.242709 0.140577 0.007829 -0.563207 0.048668 0.824844
frame_000495.jpg 3.344385 0.258028 0.146544 0.010081 -0.563907 0.049940 0.824265
frame_000500.jpg 3.344890 0.240908 0.163248 0.008355 -0.565990 0.047953 0.822974
frame_000505.jpg 3.343755 0.255176 0.164836 0.008938 -0.566176 0.050087 0.822712
frame_000510.jpg 3.342355 0.274282 0.162537 0.008943 -0.565895 0.053440 0.822695
frame_000515.jpg 3.343504 0.244078 0.185491 0.008741 -0.568717 0.048201 0.821073
frame_000520.jpg 3.341741 0.241725 0.217633 0.009244 -0.572648 0.047387 0.818378
frame_000525.jpg 3.339866 0.254940 0.230938 0.010615 -0.574252 0.048823 0.817152
frame_000530.jpg 3.340234 0.251663 0.229236 0.010700 -0.574044 0.048206 0.817334
frame_000535.jpg 3.337803 0.261030 0.252962 0.011052 -0.576934 0.049559 0.815211
frame_000540.jpg 3.335217 0.270793 0.275767 0.011970 -0.579696 0.050644 0.813170
frame_000545.jpg 3.334605 0.268920 0.284896 0.012440 -0.580798 0.050017 0.812414
frame_000550.jpg 3.335788 0.259486 0.279772 0.011395 -0.580196 0.049014 0.812921
frame_000555.jpg 3.338698 0.251379 0.250882 0.011474 -0.576677 0.047634 0.815502
frame_000560.jpg 3.335416 0.260347 0.283413 0.012655 -0.580617 0.048408 0.812638
frame_000565.jpg 3.335329 0.253538 0.290513 0.011960 -0.581496 0.047621 0.812066
frame_000570.jpg 3.337705 0.230433 0.282305 0.008842 -0.580551 0.045484 0.812904
frame_000575.jpg 3.335929 0.243640 0.292045 0.011103 -0.581700 0.046409 0.812002
frame_000580.jpg 3.334551 0.236255 0.313111 0.008901 -0.584294 0.046373 0.810167
frame_000585.jpg 3.332846 0.227468 0.336882 0.007650 -0.587194 0.045520 0.808129
frame_000590.jpg 3.331909 0.238217 0.338726 0.008437 -0.587407 0.046911 0.807887
frame_000595.jpg 3.326832 0.238249 0.385480 0.008192 -0.593064 0.046925 0.803745
frame_000600.jpg 3.328296 0.228832 0.378430 0.006800 -0.592231 0.046125 0.804418
frame_000605.jpg 3.331169 0.210835 0.363286 0.006005 -0.590411 0.043531 0.805906
frame_000610.jpg 3.325857 0.243398 0.390674 0.007477 -0.593701 0.048203 0.803206
frame_000615.jpg 3.330360 0.219997 0.365301 0.007099 -0.590644 0.044472 0.805675
frame_000620.jpg 3.332182 0.225616 0.344673 0.007805 -0.588140 0.045089 0.807464
frame_000625.jpg 3.325928 0.262686 0.377301 0.011217 -0.592031 0.049416 0.804321
frame_000630.jpg 3.316437 0.235964 0.467662 0.010479 -0.602926 0.045041 0.796456
frame_000635.jpg 3.308659 0.255058 0.510790 0.010661 -0.608086 0.048094 0.792341
frame_000640.jpg 3.307667 0.253467 0.518003 0.010108 -0.608958 0.048108 0.791678
frame_000645.jpg 3.314438 0.237112 0.481128 0.010169 -0.604546 0.045379 0.795212
frame_000650.jpg 3.313313 0.255396 0.479566 0.012651 -0.604313 0.047126 0.795251
frame_000655.jpg 3.318787 0.237940 0.449779 0.010370 -0.600781 0.045479 0.798052
frame_000660.jpg 3.318946 0.273209 0.428056 0.014215 -0.598093 0.049401 0.799777
frame_000665.jpg 3.323241 0.244960 0.411523 0.012507 -0.596144 0.045560 0.801487
frame_000670.jpg 3.322354 0.252554 0.414092 0.013050 -0.596441 0.046548 0.801200
frame_000675.jpg 3.321196 0.251492 0.423921 0.012430 -0.597637 0.046697 0.800310
frame_000680.jpg 3.325129 0.218269 0.411231 0.011616 -0.596135 0.041490 0.801727
frame_000685.jpg 3.309088 0.244108 0.513455 0.013657 -0.608360 0.044589 0.792290
frame_000690.jpg 3.295103 0.237704 0.599231 0.013148 -0.618600 0.043644 0.784383
frame_000695.jpg 3.282212 0.248691 0.662208 0.012935 -0.626074 0.045507 0.778327
frame_000700.jpg 3.270367 0.241119 0.720991 0.011172 -0.633056 0.045041 0.772714
frame_000705.jpg 3.251081 0.248038 0.801382 0.010965 -0.642526 0.046154 0.764794
frame_000710.jpg 3.227229 0.260137 0.889142 0.011365 -0.652808 0.047808 0.755928
frame_000715.jpg 3.186079 0.267652 1.024946 0.010613 -0.668660 0.049149 0.741866
frame_000720.jpg 5.413070 -0.571518 -1.158869 -0.015927 0.983932 -0.102501 0.145317
frame_000725.jpg 5.492259 -0.518580 -0.774703 -0.015682 0.977145 -0.100620 0.186592
frame_000730.jpg 5.488691 -0.515214 -0.169707 -0.011671 0.967234 -0.102950 0.231781
frame_000735.jpg 5.517283 -0.434924 0.310416 -0.013896 0.954648 -0.101573 0.279529
frame_000740.jpg 5.486519 -0.394614 0.673441 -0.013214 0.943094 -0.101265 0.316456
frame_000745.jpg 5.443070 -0.345930 0.981793 -0.014455 0.933762 -0.099646 0.343440
frame_000750.jpg 5.354391 -0.339521 1.275604 -0.011836 0.924441 -0.099056 0.368045
frame_000755.jpg 5.311793 -0.317656 1.489819 -0.011975 0.915563 -0.098712 0.389689
frame_000760.jpg 5.240667 -0.307489 1.697243 -0.010497 0.907581 -0.099292 0.407832
frame_000765.jpg 5.187664 -0.279629 1.862270 -0.011254 0.900203 -0.098495 0.424035
frame_000770.jpg 5.112266 -0.266929 2.098818 -0.010587 0.890351 -0.098817 0.444295
frame_000775.jpg 5.020131 -0.220760 2.351482 -0.011786 0.878900 -0.097343 0.466820
frame_000780.jpg 4.925721 -0.198156 2.545786 -0.011846 0.869153 -0.096222 0.484948
frame_000785.jpg 4.830856 -0.169690 2.739012 -0.012400 0.859260 -0.094472 0.502586
frame_000790.jpg 4.757829 -0.156932 2.872464 -0.012213 0.851951 -0.093985 0.514973
frame_000795.jpg 4.708753 -0.158751 2.921156 -0.011752 0.847883 -0.093166 0.521801
frame_000800.jpg 4.643631 -0.149078 3.000706 -0.011058 0.842632 -0.093208 0.530247
frame_000805.jpg 4.581522 -0.138908 3.061684 -0.011056 0.837042 -0.093058 0.539053
frame_000810.jpg 4.586461 -0.167839 2.988449 -0.008297 0.838681 -0.094343 0.536325
frame_000815.jpg 4.585676 -0.133514 2.949604 -0.011644 0.838214 -0.093233 0.537187
frame_000820.jpg 4.612998 -0.146011 2.860846 -0.011146 0.840446 -0.093960 0.533570
frame_000825.jpg 4.615659 -0.145179 2.798977 -0.010631 0.841347 -0.092437 0.532426
frame_000830.jpg 4.627529 -0.143577 2.744580 -0.010016 0.842341 -0.089171 0.531423
frame_000835.jpg 4.617211 -0.060631 2.694050 -0.020532 0.841512 -0.088988 0.532464
frame_000840.jpg 4.586959 -0.140747 2.724911 -0.011901 0.837718 -0.090637 0.538397
frame_000845.jpg 4.534350 -0.148967 2.727737 -0.009941 0.833746 -0.089610 0.544737
frame_000850.jpg 4.517379 -0.126729 2.715958 -0.011336 0.831306 -0.087445 0.548776
frame_000855.jpg 4.511350 -0.134086 2.643743 -0.010722 0.831551 -0.087170 0.548461
frame_000860.jpg 4.551959 -0.069462 2.537191 -0.019042 0.834212 -0.085661 0.544418
frame_000865.jpg 4.568598 -0.127661 2.450194 -0.014040 0.835716 -0.087108 0.542028
frame_000870.jpg 4.598309 -0.134664 2.342357 -0.013218 0.838543 -0.085822 0.537871
frame_000875.jpg 4.607253 -0.162713 2.265623 -0.011545 0.839647 -0.088587 0.535734
frame_000880.jpg 4.585828 -0.146280 2.253300 -0.012920 0.837437 -0.089800 0.538951
frame_000885.jpg 4.539351 -0.130571 2.239624 -0.014263 0.834306 -0.088895 0.543900
frame_000890.jpg 4.521483 -0.113313 2.194282 -0.014546 0.833327 -0.087297 0.545650
frame_000895.jpg 4.486720 -0.087549 2.166676 -0.016057 0.830863 -0.085545 0.549628
frame_000900.jpg 4.481967 -0.147899 2.145351 -0.008674 0.829348 -0.089254 0.551489
frame_000905.jpg 4.468204 -0.156926 2.065408 -0.009751 0.829882 -0.087591 0.550934
frame_000910.jpg 4.433478 0.004850 2.032372 -0.025003 0.827341 -0.083161 0.554946
frame_000915.jpg 4.420153 -0.123644 1.977646 -0.011753 0.827853 -0.088834 0.553742
frame_000920.jpg 4.425354 -0.105231 1.902517 -0.014943 0.829161 -0.088412 0.551771
frame_000925.jpg 4.406510 -0.107632 1.859982 -0.014432 0.828544 -0.089866 0.552477
frame_000930.jpg 4.370083 -0.077521 1.830267 -0.016469 0.826387 -0.089187 0.555750
frame_000935.jpg 4.322731 -0.066512 1.825156 -0.018906 0.821688 -0.089134 0.562607
frame_000940.jpg 4.332403 -0.058150 1.787322 -0.018635 0.821013 -0.085664 0.564138
frame_000945.jpg 4.365654 0.039855 1.549431 -0.027926 0.830621 -0.077871 0.550659
frame_000950.jpg 4.368039 0.063971 1.454856 -0.032656 0.833013 -0.082758 0.546053
frame_000955.jpg 4.344192 -0.049697 1.348423 -0.022115 0.835486 -0.085892 0.542307
frame_000960.jpg 4.341962 -0.095621 1.291707 -0.018853 0.834685 -0.087606 0.543388
frame_000965.jpg 4.250601 -0.074648 1.209231 -0.017771 0.835067 -0.085325 0.543200
frame_000970.jpg 4.256544 -0.050662 1.130162 -0.018047 0.834120 -0.085229 0.544660
frame_000975.jpg 4.256988 -0.094073 1.040973 -0.012246 0.835006 -0.085043 0.543491
frame_000980.jpg 4.242251 -0.092225 0.927155 -0.012057 0.837450 -0.084509 0.539806
frame_000985.jpg 4.176096 -0.071325 0.784887 -0.014643 0.840204 -0.083572 0.535591
frame_000990.jpg 4.196251 -0.070583 0.781694 -0.012002 0.836843 -0.082815 0.541010
frame_000995.jpg 4.152998 -0.026578 0.718643 -0.017971 0.836222 -0.082545 0.541846
frame_001000.jpg 4.136083 -0.025968 0.695458 -0.017934 0.833760 -0.085242 0.545212
frame_001005.jpg 4.136063 0.046068 0.613910 -0.028856 0.835309 -0.082903 0.542728
frame_001010.jpg 4.097614 0.070017 0.441342 -0.029071 0.841915 -0.080950 0.532712
frame_001015.jpg 4.115729 -0.055957 0.398150 -0.017212 0.843305 -0.086106 0.530214
frame_001020.jpg 4.089023 -0.061484 0.364462 -0.013375 0.841878 -0.085199 0.532733
frame_001025.jpg 4.037450 -0.046482 0.464103 -0.011177 0.831933 -0.084950 0.548221
frame_001030.jpg 3.986676 -0.028165 0.716244 -0.009581 0.812148 -0.084006 0.577293
frame_001035.jpg 3.900534 0.004734 1.064150 -0.009594 0.784442 -0.082776 0.614579
frame_001040.jpg 3.754230 0.036023 1.505910 -0.008657 0.749486 -0.081208 0.656964
frame_001045.jpg 3.576518 0.105405 1.927815 -0.012267 0.713737 -0.077705 0.695982
frame_001050.jpg 3.427217 0.114546 2.293958 -0.010795 0.675051 -0.075150 0.733854
frame_001055.jpg 3.153224 0.185512 2.573231 -0.013657 0.641918 -0.068254 0.763607
frame_001060.jpg 2.904799 0.192554 2.907515 -0.008149 0.599500 -0.065879 0.797617
frame_001065.jpg 2.640917 0.218228 3.102115 -0.010808 0.568449 -0.062150 0.820296
frame_001070.jpg 2.416185 0.222314 3.255631 -0.008027 0.539426 -0.060970 0.839785
frame_001075.jpg 2.264216 0.248127 3.345608 -0.008890 0.519770 -0.056577 0.852384
frame_001080.jpg 2.066879 0.235786 3.451987 -0.004994 0.495881 -0.056191 0.866556
frame_001085.jpg 1.900001 0.345759 3.539202 -0.016462 0.476293 -0.039082 0.878263
frame_001090.jpg 1.862747 0.243740 3.554562 -0.006341 0.471057 -0.053340 0.880466
frame_001095.jpg 1.848111 0.248192 3.557852 -0.006451 0.469640 -0.052421 0.881277
frame_001100.jpg 1.811348 0.247365 3.556324 -0.005317 0.464775 -0.051969 0.883886
frame_001105.jpg 1.755974 0.219737 3.546777 -0.007709 0.457435 -0.052095 0.887683
frame_001110.jpg 1.734168 0.229245 3.517360 -0.006982 0.454767 -0.051229 0.889109
frame_001115.jpg 1.738578 0.245226 3.471420 -0.007016 0.455157 -0.047693 0.889105
frame_001120.jpg 1.784790 0.194234 3.378662 -0.002642 0.461668 -0.052123 0.885516
frame_001125.jpg 1.783737 0.193885 3.302611 -0.000663 0.462164 -0.048859 0.885447
frame_001130.jpg 1.803518 0.205734 3.217786 -0.003202 0.465466 -0.049697 0.883664
frame_001135.jpg 1.806863 0.176709 3.130166 -0.000474 0.465996 -0.050820 0.883326
frame_001140.jpg 1.765227 0.181176 3.064484 -0.002281 0.462227 -0.051152 0.885282
frame_001145.jpg 1.763058 0.170071 2.983950 -0.001288 0.460285 -0.051182 0.886294
frame_001150.jpg 1.749716 0.163613 2.902798 -0.001323 0.459130 -0.051490 0.886874
frame_001155.jpg 1.748281 0.155979 2.811552 -0.001680 0.458213 -0.052726 0.887276
frame_001160.jpg 1.748886 0.177889 2.710757 -0.002550 0.459538 -0.048950 0.886805
frame_001165.jpg 1.767468 0.146397 2.589913 -0.000436 0.461554 -0.052136 0.885579
frame_001170.jpg 1.786353 0.150018 2.461218 -0.000798 0.467054 -0.052972 0.882640
frame_001175.jpg 1.795848 0.146240 2.343958 -0.001136 0.470385 -0.053056 0.880864
frame_001180.jpg 1.805677 0.134797 2.225508 0.000831 0.473326 -0.053471 0.879263
frame_001185.jpg 1.817402 0.154373 2.111284 -0.001660 0.477274 -0.050029 0.877328
frame_001190.jpg 1.806274 0.160422 2.026059 -0.002694 0.473684 -0.049121 0.879320
frame_001195.jpg 1.800682 0.186849 1.941495 -0.005343 0.469809 -0.043767 0.881666
frame_001200.jpg 1.789835 0.165503 1.840205 -0.003681 0.472266 -0.047370 0.880175
frame_001205.jpg 1.795668 0.123855 1.730497 -0.000404 0.472373 -0.054667 0.879701
frame_001210.jpg 1.795394 0.203885 1.622704 -0.008630 0.473372 -0.039768 0.879922
frame_001215.jpg 1.797860 0.175672 1.506945 -0.005823 0.473027 -0.044746 0.879892
frame_001220.jpg 1.796610 0.173259 1.377042 -0.004841 0.477236 -0.042869 0.877716
frame_001225.jpg 1.798668 0.164666 1.251330 -0.002908 0.480175 -0.041978 0.876163
frame_001230.jpg 1.807975 0.150714 1.130337 -0.000742 0.481893 -0.043079 0.875170
frame_001235.jpg 1.792585 0.159716 1.040923 -0.002000 0.479403 -0.040651 0.876651
frame_001240.jpg 1.783442 0.162139 0.957459 -0.002231 0.476050 -0.038823 0.878558
frame_001245.jpg 1.785752 0.152547 0.864290 0.000639 0.475436 -0.039094 0.878881
frame_001250.jpg 1.777985 0.160981 0.771541 -0.002003 0.476323 -0.036957 0.878491
frame_001255.jpg 1.778471 0.152974 0.678899 -0.000958 0.475039 -0.037661 0.879158
frame_001260.jpg 1.774892 0.136033 0.581508 0.002284 0.475824 -0.039755 0.878638
frame_001265.jpg 1.774639 0.132188 0.485071 0.002471 0.477436 -0.040084 0.877748
frame_001270.jpg 1.754771 0.130865 0.392658 0.003846 0.480944 -0.040537 0.875805
frame_001275.jpg 1.756973 0.128610 0.314109 0.003703 0.480516 -0.040195 0.876057
frame_001280.jpg 1.756049 0.137375 0.257635 0.004018 0.476147 -0.037333 0.878564
frame_001285.jpg 1.763622 0.149174 0.203979 0.002786 0.472447 -0.035391 0.880644
frame_001290.jpg 1.763661 0.154276 0.152615 0.000898 0.469761 -0.033550 0.882156
frame_001295.jpg 1.769714 0.156426 0.116964 -0.000670 0.465905 -0.032651 0.884232
frame_001300.jpg 1.779018 0.191465 0.056730 -0.004703 0.467968 -0.025258 0.883372
frame_001305.jpg 1.764530 0.138641 -0.008364 0.003357 0.470879 -0.034415 0.881520
frame_001310.jpg 1.769442 0.132716 -0.069268 0.005073 0.470440 -0.035724 0.881694
frame_001315.jpg 1.765287 0.138437 -0.153915 0.004131 0.474391 -0.033537 0.879666
frame_001320.jpg 1.760846 0.132365 -0.221162 0.002959 0.475168 -0.034644 0.879208
frame_001325.jpg 1.766107 0.146017 -0.262372 0.002483 0.469902 -0.031045 0.882169
frame_001330.jpg 1.773447 0.141050 -0.270413 0.002310 0.460437 -0.030789 0.887155
frame_001335.jpg 1.768824 0.151019 -0.264959 0.003497 0.451965 -0.029403 0.891544
frame_001340.jpg 1.782786 0.142626 -0.226072 0.002417 0.434621 -0.029610 0.900123
frame_001345.jpg 1.792604 0.145592 -0.114570 0.000693 0.401508 -0.027682 0.915437
frame_001350.jpg 1.789452 0.156072 -0.011125 0.000397 0.368941 -0.024119 0.929140
frame_001355.jpg 1.783076 0.158087 0.097400 -0.001456 0.333942 -0.021839 0.942339
frame_001360.jpg 1.760583 0.150600 0.191034 0.001085 0.302204 -0.022194 0.952984
frame_001365.jpg 1.728303 0.158984 0.280780 -0.001089 0.270952 -0.019922 0.962386
frame_001370.jpg 1.686152 0.169602 0.358178 -0.001559 0.243851 -0.016778 0.969666
frame_001375.jpg 1.667408 0.157612 0.422839 -0.004413 0.213071 -0.014888 0.976913
frame_001380.jpg 1.611960 0.107305 0.528409 -0.003749 0.174578 -0.021880 0.984393
frame_001385.jpg 1.535966 0.053243 0.654795 -0.003018 0.127916 -0.028302 0.991376
frame_001390.jpg 1.483948 0.084110 0.759180 -0.003901 0.089699 -0.019848 0.995763
frame_001395.jpg 1.434151 0.103896 0.847126 -0.004120 0.060325 -0.016224 0.998038
frame_001400.jpg 1.393223 0.111044 0.903700 -0.004030 0.032599 -0.013210 0.999373
frame_001405.jpg 1.349252 0.107136 0.944371 -0.003349 0.012978 -0.012041 0.999838
frame_001410.jpg 1.312728 0.118275 0.983519 -0.002728 -0.007853 -0.008890 0.999926
frame_001415.jpg 1.295280 0.117603 0.993345 -0.001728 -0.016556 -0.008464 0.999826
frame_001420.jpg 1.281349 0.118139 0.995149 -0.001917 -0.021383 -0.007784 0.999739
frame_001425.jpg 1.263798 0.123601 0.985682 -0.001051 -0.031550 -0.004718 0.999490
frame_001430.jpg 1.249363 0.125557 0.954117 -0.000674 -0.038279 -0.002332 0.999264
frame_001435.jpg 1.241619 0.120129 0.905797 0.000981 -0.041418 -0.002818 0.999137
frame_001440.jpg 1.246933 0.123024 0.829443 -0.000446 -0.037773 -0.001111 0.999286
frame_001445.jpg 1.252489 0.103710 0.749882 0.001418 -0.037127 -0.006126 0.999291
frame_001450.jpg 1.250691 0.123910 0.668869 -0.001186 -0.033696 0.001705 0.999430
frame_001455.jpg 1.259371 0.093696 0.587380 0.000484 -0.033031 -0.007233 0.999428
frame_001460.jpg 1.266652 0.098873 0.513361 -0.000497 -0.035739 -0.003993 0.999353
frame_001465.jpg 1.271032 0.111209 0.436622 -0.004230 -0.037477 0.001914 0.999287
frame_001470.jpg 1.282476 0.104750 0.355024 -0.002728 -0.040363 0.000919 0.999181
frame_001475.jpg 1.292858 0.111090 0.273515 -0.002945 -0.040967 0.004702 0.999145
frame_001480.jpg 1.304357 0.091189 0.200824 -0.002167 -0.044340 -0.000805 0.999014
frame_001485.jpg 1.307893 0.079282 0.130466 -0.001620 -0.047880 -0.003833 0.998844
frame_001490.jpg 1.312642 0.066844 0.052168 -0.001889 -0.049545 -0.006908 0.998746
frame_001495.jpg 1.317133 0.072749 -0.040008 -0.000018 -0.050163 -0.004142 0.998732
frame_001500.jpg 1.321192 0.066113 -0.135085 -0.000416 -0.049483 -0.005223 0.998761
frame_001505.jpg 1.325336 0.080083 -0.234015 -0.004670 -0.048449 0.004066 0.998806
frame_001510.jpg 1.336810 0.058864 -0.329690 -0.001870 -0.051809 -0.003720 0.998648
frame_001515.jpg 1.336552 0.058034 -0.441975 -0.002766 -0.049351 -0.001239 0.998777
frame_001520.jpg 1.337228 0.054674 -0.569459 0.000909 -0.044829 -0.001767 0.998993
frame_001525.jpg 1.346866 0.048984 -0.678914 0.004592 -0.047592 -0.004752 0.998845
frame_001530.jpg 1.374627 0.044144 -0.767485 0.005903 -0.058585 -0.005228 0.998251
frame_001535.jpg 1.397018 0.061026 -0.844040 0.009366 -0.068635 -0.001995 0.997596
frame_001540.jpg 1.414862 0.060723 -0.928926 0.012459 -0.073363 -0.004155 0.997219
frame_001545.jpg 1.407651 0.033296 -1.044165 0.008336 -0.066163 -0.007590 0.997745
frame_001550.jpg 1.374229 0.008623 -1.169441 0.002166 -0.051667 -0.008270 0.998628
frame_001555.jpg 1.342338 -0.019274 -1.284494 -0.002285 -0.042443 -0.011749 0.999027
frame_001560.jpg 1.363205 -0.022849 -1.397092 -0.001206 -0.047336 -0.011022 0.998817
frame_001565.jpg 1.379821 -0.022676 -1.500547 -0.000614 -0.050865 -0.009635 0.998659
frame_001570.jpg 1.391209 -0.025507 -1.615247 -0.001849 -0.050557 -0.007441 0.998692
frame_001575.jpg 1.414022 -0.029966 -1.711504 -0.001738 -0.053391 -0.008026 0.998540
frame_001580.jpg 1.432936 -0.041816 -1.814280 -0.002307 -0.054012 -0.009432 0.998493
frame_001585.jpg 1.416932 -0.007848 -1.919230 -0.006485 -0.048772 0.009290 0.998746
frame_001590.jpg 1.434283 -0.044310 -2.024216 -0.002837 -0.050186 -0.006833 0.998712
frame_001595.jpg 1.456616 -0.065312 -2.136390 -0.002796 -0.052837 -0.011617 0.998532
frame_001600.jpg 1.486612 -0.053462 -2.244640 -0.000952 -0.057292 -0.008931 0.998317
frame_001605.jpg 1.507726 -0.060567 -2.352625 0.000039 -0.060996 -0.010707 0.998081
frame_001610.jpg 1.490375 -0.050220 -2.484837 0.004135 -0.056895 -0.013105 0.998286
frame_001615.jpg 1.457054 -0.065835 -2.608289 0.001165 -0.050503 -0.011642 0.998655
frame_001620.jpg 1.463984 -0.061546 -2.733382 0.003339 -0.050316 -0.012583 0.998649
frame_001625.jpg 1.498437 -0.083627 -2.844822 0.000906 -0.054542 -0.012247 0.998436
frame_001630.jpg 1.549618 -0.081833 -2.956020 0.002648 -0.060749 -0.013246 0.998062
frame_001635.jpg 1.555991 -0.095681 -3.061274 0.001704 -0.060370 -0.014334 0.998072
frame_001640.jpg 1.510613 -0.092885 -3.189551 0.002104 -0.051995 -0.012532 0.998566
frame_001645.jpg 1.466418 -0.125265 -3.305025 -0.000750 -0.045159 -0.015651 0.998857
frame_001650.jpg 1.445441 -0.140436 -3.420586 -0.002680 -0.041318 -0.014096 0.999043
frame_001655.jpg 1.460439 -0.143997 -3.526718 -0.002943 -0.042247 -0.012791 0.999021
frame_001660.jpg 1.458921 -0.149698 -3.632407 -0.005838 -0.040942 -0.005099 0.999131
frame_001665.jpg 1.463063 -0.146143 -3.745119 -0.002715 -0.040187 -0.010504 0.999133
frame_001670.jpg 1.469616 -0.153012 -3.841686 -0.002332 -0.040284 -0.012518 0.999107
frame_001675.jpg 1.492229 -0.157185 -3.934572 -0.001266 -0.042003 -0.014874 0.999006
frame_001680.jpg 1.502146 -0.158840 -4.017190 -0.001844 -0.042494 -0.012734 0.999014
frame_001685.jpg 1.530808 -0.166315 -4.107100 -0.002281 -0.044576 -0.012138 0.998930
frame_001690.jpg 1.521379 -0.155245 -4.214136 -0.000682 -0.042819 -0.011313 0.999019
frame_001695.jpg 1.540289 -0.166965 -4.309017 -0.000652 -0.044179 -0.013695 0.998930
frame_001700.jpg 1.593516 -0.170616 -4.382750 -0.001160 -0.049395 -0.011461 0.998713
frame_001705.jpg 1.682883 -0.170837 -4.419501 -0.001295 -0.058648 -0.010747 0.998220
frame_001710.jpg 1.815825 -0.168514 -4.411835 -0.002032 -0.073012 -0.006468 0.997308
frame_001715.jpg 2.043490 -0.172510 -4.362193 -0.001270 -0.097698 -0.008534 0.995179
frame_001720.jpg 2.372034 -0.162831 -4.263790 -0.001264 -0.133167 -0.003980 0.991085
frame_001725.jpg 2.699020 -0.116482 -4.105580 0.000636 -0.170378 0.001033 0.985378
frame_001730.jpg 3.095730 -0.025737 -3.889979 0.004043 -0.214391 0.006970 0.976715
frame_001735.jpg 3.402115 -0.029323 -3.563792 0.003535 -0.260273 0.015323 0.965407
frame_001740.jpg 3.776303 -0.050085 -3.238041 0.004068 -0.307698 0.019402 0.951277
frame_001745.jpg 4.009720 -0.054672 -2.969764 0.003508 -0.342508 0.018413 0.939328
frame_001750.jpg 4.180135 0.028143 -2.685302 0.005428 -0.374963 0.020683 0.926793
frame_001755.jpg 4.448597 0.097266 -2.323929 0.007351 -0.410964 0.032043 0.911059
frame_001760.jpg 4.573884 0.167697 -2.035973 0.008778 -0.445512 0.031278 0.894686
frame_001765.jpg 4.643923 0.135895 -1.804357 0.007776 -0.472592 0.033922 0.880594
frame_001770.jpg 4.845994 0.163611 -1.495831 0.008374 -0.499221 0.036653 0.865658
frame_001775.jpg 4.915297 0.164003 -1.381590 0.008192 -0.511594 0.036115 0.858429
frame_001780.jpg 4.803863 0.162539 -1.405951 0.008123 -0.513253 0.036427 0.857425
frame_001785.jpg 4.903408 0.085155 -1.312639 0.006142 -0.521325 0.039543 0.852420
frame_001790.jpg 4.983514 0.196648 -1.260235 0.008868 -0.529263 0.039825 0.847476
frame_001795.jpg 5.008376 0.195823 -1.256433 0.010022 -0.533004 0.038657 0.845170
frame_001800.jpg 5.053338 0.191713 -1.272420 0.009763 -0.537775 0.037997 0.842175
frame_001805.jpg 5.082662 0.183847 -1.312381 0.010381 -0.540993 0.036708 0.840162
frame_001810.jpg 5.113027 0.177825 -1.358548 0.009396 -0.544599 0.037125 0.837822
frame_001815.jpg 5.213309 0.174066 -1.358735 0.009945 -0.550525 0.035979 0.833984
frame_001820.jpg 5.259451 0.191501 -1.388069 0.009809 -0.554378 0.038517 0.831315
frame_001825.jpg 5.155965 0.188649 -1.542521 0.008804 -0.552114 0.040228 0.832751
frame_001830.jpg 5.301844 0.197785 -1.519069 0.009846 -0.556782 0.039529 0.829659
frame_001835.jpg 5.410565 0.209141 -1.516428 0.009356 -0.562976 0.041709 0.825367
frame_001840.jpg 5.463477 0.202132 -1.536538 0.008342 -0.567164 0.041867 0.822498
frame_001845.jpg 5.378941 0.166953 -1.656012 0.007081 -0.567366 0.040494 0.822439
frame_001850.jpg 5.586345 0.184845 -1.625749 0.007140 -0.574035 0.040757 0.817785
frame_001855.jpg 5.607538 0.196647 -1.692619 0.007771 -0.575971 0.042059 0.816350
frame_001860.jpg 5.658666 0.200544 -1.737789 0.007710 -0.578604 0.042847 0.814446
frame_001865.jpg 5.709679 0.211819 -1.785442 0.008460 -0.581591 0.043572 0.812269
frame_001870.jpg 5.768612 0.177813 -1.834304 0.006177 -0.584957 0.041798 0.809963
frame_001875.jpg 5.853701 0.187783 -1.856951 0.006865 -0.589907 0.042531 0.806321
frame_001880.jpg 5.902809 0.260705 -1.897111 0.009401 -0.592937 0.049083 0.803697
frame_001885.jpg 5.956022 0.242319 -1.929292 0.009321 -0.597493 0.046685 0.800460
frame_001890.jpg 6.022236 0.216478 -1.972628 0.008239 -0.601022 0.045183 0.797912
frame_001895.jpg 6.071668 0.205570 -2.055286 0.007598 -0.602089 0.045050 0.797121
frame_001900.jpg 6.121129 0.206830 -2.130021 0.008591 -0.602579 0.043853 0.796807
frame_001905.jpg 6.191946 0.195774 -2.217956 0.008772 -0.604412 0.042516 0.795488
frame_001910.jpg 6.248126 0.180699 -2.296463 0.009152 -0.605564 0.040022 0.794737
frame_001915.jpg 6.318774 0.189505 -2.346861 0.009655 -0.608829 0.040482 0.792209
frame_001920.jpg 6.408827 0.222882 -2.356605 0.012320 -0.614710 0.040672 0.787607
frame_001925.jpg 6.495291 0.284394 -2.364233 0.014902 -0.620224 0.044770 0.783004
frame_001930.jpg 6.559339 0.207941 -2.422614 0.012665 -0.622155 0.037873 0.781875
frame_001935.jpg 6.590968 0.253029 -2.588888 0.015316 -0.618400 0.040034 0.784694
frame_001940.jpg 6.624778 0.239640 -2.727140 0.015644 -0.615887 0.037769 0.786773
frame_001945.jpg 6.648288 0.209122 -2.851621 0.014327 -0.614014 0.036659 0.788313
frame_001950.jpg 6.680285 0.237501 -2.961903 0.013914 -0.612697 0.041445 0.789108
frame_001955.jpg 6.728775 0.233397 -3.014748 0.013423 -0.614291 0.042164 0.787838
frame_001960.jpg 6.686829 0.135831 -3.094121 0.010688 -0.615013 0.040772 0.787390
frame_001965.jpg 6.795186 0.218259 -3.045841 0.012402 -0.621238 0.043269 0.782329
frame_001970.jpg 6.761195 0.202560 -3.069308 0.011745 -0.624426 0.044526 0.779725
frame_001975.jpg 6.794025 0.199710 -3.069297 0.011718 -0.628030 0.047833 0.776629
frame_001980.jpg 6.986947 0.207536 -2.911729 0.011150 -0.636541 0.045043 0.769846
frame_001985.jpg 6.967924 0.244739 -2.969766 0.012158 -0.638661 0.047978 0.767895
frame_001990.jpg 6.976388 0.235151 -2.993228 0.012045 -0.639797 0.044511 0.767159
frame_001995.jpg 7.003234 0.267120 -2.983495 0.013029 -0.641799 0.046470 0.765353
frame_002000.jpg 7.131181 0.247828 -2.850117 0.012044 -0.649604 0.048891 0.758603
frame_002005.jpg 7.144742 0.311506 -2.677795 0.013486 -0.659762 0.048702 0.749774
frame_002010.jpg 7.277471 0.321962 -2.291381 0.012714 -0.679614 0.049478 0.731789
frame_002015.jpg 6.281661 -0.594516 -0.262406 -0.009657 0.980554 -0.105529 0.165181
frame_002020.jpg 6.249818 -0.524526 0.317905 -0.010535 0.971517 -0.105960 0.211697
frame_002025.jpg 6.153092 -0.498439 0.991523 -0.007621 0.960308 -0.107462 0.257296
frame_002030.jpg 6.022783 -0.374365 1.529354 -0.008441 0.947142 -0.104487 0.303205
frame_002035.jpg 5.858391 -0.355370 1.995203 -0.006399 0.932998 -0.102900 0.344799
frame_002040.jpg 5.669675 -0.353146 2.455992 -0.002668 0.917487 -0.102069 0.384438
frame_002045.jpg 5.459670 -0.310801 2.849099 -0.002893 0.901931 -0.098037 0.420595
frame_002050.jpg 5.226759 -0.316648 3.241104 0.001281 0.885156 -0.097244 0.455018
frame_002055.jpg 5.032512 -0.264412 3.511732 -0.001046 0.871351 -0.095218 0.481331
frame_002060.jpg 4.894406 -0.226251 3.679854 -0.002682 0.862129 -0.093948 0.497896
frame_002065.jpg 4.789439 -0.217850 3.796136 -0.001840 0.855000 -0.092539 0.510303
frame_002070.jpg 4.711564 -0.204520 3.866159 -0.002058 0.849703 -0.091215 0.519308
frame_002075.jpg 4.644694 -0.226954 3.920010 0.000382 0.844817 -0.091997 0.527087
frame_002080.jpg 4.613582 -0.174359 3.900344 -0.004856 0.842781 -0.090848 0.530512
frame_002085.jpg 4.598393 -0.172067 3.868148 -0.004692 0.841471 -0.091368 0.532501
frame_002090.jpg 4.574236 -0.183696 3.833815 -0.003798 0.839729 -0.091443 0.535238
frame_002095.jpg 4.571559 -0.176408 3.785562 -0.004193 0.838993 -0.093566 0.536020
frame_002100.jpg 4.567942 -0.130875 3.724078 -0.008311 0.838444 -0.094099 0.536738
frame_002105.jpg 4.546246 -0.149034 3.692575 -0.006544 0.836424 -0.095373 0.539681
frame_002110.jpg 4.512102 -0.114126 3.672715 -0.009390 0.833335 -0.094721 0.544511
frame_002115.jpg 4.484615 -0.125806 3.646610 -0.008338 0.831105 -0.094695 0.547930
frame_002120.jpg 4.469741 -0.115269 3.597166 -0.009476 0.829820 -0.094404 0.549907
frame_002125.jpg 4.461816 -0.100128 3.549953 -0.010690 0.828771 -0.093514 0.551616
frame_002130.jpg 4.485674 -0.120405 3.528564 -0.008286 0.826667 -0.093555 0.554798
frame_002135.jpg 4.445714 -0.092497 3.440322 -0.011541 0.826229 -0.091966 0.555657
frame_002140.jpg 4.428511 -0.131482 3.351188 -0.009251 0.826786 -0.093148 0.554673
frame_002145.jpg 4.434545 -0.117811 3.271538 -0.010556 0.827219 -0.092765 0.554069
frame_002150.jpg 4.432331 -0.119740 3.188721 -0.010311 0.827628 -0.092392 0.553524
frame_002155.jpg 4.434813 -0.113433 3.121261 -0.011594 0.827194 -0.092284 0.554165
frame_002160.jpg 4.428877 -0.138485 3.054580 -0.009067 0.826621 -0.091586 0.555182
frame_002165.jpg 4.457726 -0.126632 2.941108 -0.011184 0.828474 -0.090513 0.552551
frame_002170.jpg 4.486101 -0.141400 2.827963 -0.009818 0.830824 -0.089432 0.549215
frame_002175.jpg 4.501944 -0.138547 2.713235 -0.010778 0.832724 -0.088632 0.546443
frame_002180.jpg 4.523790 -0.143619 2.587369 -0.011573 0.835202 -0.088239 0.542694
frame_002185.jpg 4.531117 -0.146862 2.511145 -0.010852 0.834849 -0.086796 0.543486
frame_002190.jpg 4.522989 -0.099810 2.421784 -0.016293 0.834788 -0.086642 0.543468
frame_002195.jpg 4.502176 -0.167312 2.385035 -0.010259 0.832485 -0.089606 0.546657
frame_002200.jpg 4.478940 -0.137054 2.306235 -0.012452 0.831452 -0.088883 0.548299
frame_002205.jpg 4.520402 -0.136518 2.282178 -0.013854 0.829615 -0.087817 0.551212
frame_002210.jpg 4.511785 -0.121736 2.221277 -0.014904 0.830306 -0.087810 0.550145
frame_002215.jpg 4.461296 -0.160077 1.993598 -0.010166 0.834028 -0.087652 0.544620
frame_002220.jpg 4.469305 -0.168854 1.882508 -0.009510 0.835621 -0.088853 0.541990
frame_002225.jpg 4.474369 -0.115332 1.729270 -0.016766 0.838868 -0.089077 0.536735
frame_002230.jpg 4.475801 -0.104731 1.631036 -0.019753 0.839765 -0.092414 0.534662
frame_002235.jpg 4.448477 -0.122992 1.577639 -0.016732 0.837646 -0.093701 0.537856
frame_002240.jpg 4.407386 -0.100993 1.491312 -0.019283 0.836924 -0.092205 0.539152
frame_002245.jpg 4.393915 -0.066170 1.386755 -0.020446 0.837322 -0.085091 0.539661
frame_002250.jpg 4.370845 -0.085221 1.321798 -0.016769 0.836059 -0.087308 0.541389
frame_002255.jpg 4.262464 -0.040355 1.268640 -0.017899 0.831645 -0.084556 0.548540
frame_002260.jpg 4.225174 -0.050117 1.189132 -0.017733 0.829850 -0.084693 0.551236
frame_002265.jpg 4.223338 -0.068052 1.078889 -0.013790 0.831142 -0.084103 0.549490
frame_002270.jpg 4.200967 -0.074293 0.957627 -0.011533 0.832786 -0.084269 0.547023
frame_002275.jpg 4.172352 -0.085014 0.824552 -0.010582 0.835156 -0.083235 0.543576
frame_002280.jpg 4.160133 -0.047150 0.746241 -0.015226 0.835698 -0.083783 0.542547
frame_002285.jpg 4.112214 -0.039008 0.641631 -0.017065 0.837220 -0.085508 0.539870
frame_002290.jpg 4.117117 -0.071671 0.605628 -0.016202 0.835610 -0.087559 0.542058
frame_002295.jpg 4.021552 -0.034238 0.474979 -0.014946 0.836354 -0.085823 0.541224
frame_002300.jpg 4.040333 -0.016903 0.569370 -0.016975 0.828513 -0.084590 0.553283
frame_002305.jpg 3.974736 -0.023453 0.640090 -0.011985 0.817839 -0.084900 0.569023
frame_002310.jpg 3.952811 -0.000752 0.849247 -0.011875 0.802176 -0.083299 0.591129
frame_002315.jpg 3.868471 0.049950 1.114194 -0.014596 0.781629 -0.080521 0.618352
frame_002320.jpg 3.772329 0.051278 1.439566 -0.010767 0.754490 -0.079787 0.651355
frame_002325.jpg 3.611120 0.066953 1.842197 -0.008759 0.722063 -0.078327 0.687323
frame_002330.jpg 3.381709 0.141438 2.232129 -0.012507 0.682391 -0.073267 0.727199
frame_002335.jpg 3.072978 0.203156 2.533783 -0.011410 0.639792 -0.066877 0.765548
frame_002340.jpg 2.789674 0.201692 2.860730 -0.007055 0.592772 -0.063805 0.802808
frame_002345.jpg 2.573284 0.230825 3.057545 -0.007046 0.556226 -0.059594 0.828862
frame_002350.jpg 2.351185 0.256265 3.146085 -0.005232 0.534679 -0.054364 0.843288
frame_002355.jpg 2.219328 0.214848 3.173413 -0.003140 0.516773 -0.054421 0.854385
frame_002360.jpg 2.137547 0.230055 3.157850 -0.003542 0.508082 -0.051359 0.859769
frame_002365.jpg 2.080339 0.170074 3.103688 -0.000905 0.503567 -0.056356 0.862116
frame_002370.jpg 2.033857 0.160417 3.035086 0.000287 0.498036 -0.054212 0.865460
frame_002375.jpg 1.970643 0.151244 2.968666 0.000267 0.491954 -0.055029 0.868880
frame_002380.jpg 1.942778 0.148967 2.895522 -0.000145 0.484738 -0.054783 0.872942
frame_002385.jpg 1.904568 0.156576 2.802133 0.000346 0.483100 -0.051955 0.874022
frame_002390.jpg 1.900334 0.142243 2.688620 -0.000039 0.482102 -0.054384 0.874426
frame_002395.jpg 1.873920 0.143144 2.572913 -0.000878 0.483236 -0.057760 0.873582
frame_002400.jpg 1.856568 0.143761 2.448642 -0.000921 0.481268 -0.054207 0.874895
frame_002405.jpg 1.828706 0.150462 2.329782 -0.001258 0.479032 -0.051435 0.876288
frame_002410.jpg 1.791925 0.155717 2.219056 -0.002262 0.477020 -0.050193 0.877455
frame_002415.jpg 1.767592 0.159491 2.104835 -0.004011 0.475880 -0.050644 0.878042
frame_002420.jpg 1.739244 0.143056 1.992019 -0.000524 0.472131 -0.050596 0.880075
frame_002425.jpg 1.732824 0.158823 1.880687 -0.003778 0.470425 -0.049799 0.881026
frame_002430.jpg 1.725487 0.182921 1.767310 -0.006685 0.470116 -0.045109 0.881426
frame_002435.jpg 1.720912 0.190568 1.651054 -0.007634 0.469744 -0.043133 0.881715
frame_002440.jpg 1.716005 0.185768 1.533182 -0.006924 0.469678 -0.042740 0.881776
frame_002445.jpg 1.716562 0.203057 1.401396 -0.008816 0.472150 -0.038270 0.880643
frame_002450.jpg 1.712558 0.166897 1.273540 -0.003460 0.473605 -0.041953 0.879731
frame_002455.jpg 1.702768 0.138153 1.154029 0.002307 0.475589 -0.043789 0.878574
frame_002460.jpg 1.697320 0.147422 1.055490 -0.000157 0.475406 -0.043805 0.878675
frame_002465.jpg 1.688108 0.145690 0.968751 0.001489 0.472481 -0.041741 0.880351
frame_002470.jpg 1.680567 0.145265 0.883039 -0.000864 0.469214 -0.041646 0.882101
frame_002475.jpg 1.686747 0.146214 0.788304 -0.002238 0.468226 -0.040850 0.882661
frame_002480.jpg 1.685320 0.134156 0.688044 0.002071 0.468158 -0.040613 0.882709
frame_002485.jpg 1.698766 0.149426 0.593292 -0.000353 0.468274 -0.036765 0.882818
frame_002490.jpg 1.705720 0.164197 0.485464 -0.001362 0.472416 -0.033426 0.880741
frame_002495.jpg 1.711121 0.134704 0.380456 0.001628 0.475107 -0.039404 0.879044
frame_002500.jpg 1.716645 0.140189 0.282067 0.003675 0.474214 -0.036354 0.879651
frame_002505.jpg 1.707438 0.119474 0.180619 0.005549 0.475021 -0.039243 0.879081
frame_002510.jpg 1.702939 0.147773 0.095432 0.001344 0.474164 -0.033892 0.879783
frame_002515.jpg 1.703461 0.159130 0.035372 -0.001833 0.467558 -0.030633 0.883430
frame_002520.jpg 1.706237 0.131668 -0.036446 0.002591 0.464498 -0.034929 0.884881
frame_002525.jpg 1.713628 0.136999 -0.088445 0.001583 0.459678 -0.033272 0.887461
frame_002530.jpg 1.723470 0.128559 -0.113678 0.004538 0.449493 -0.033505 0.892644
frame_002535.jpg 1.732038 0.125399 -0.067333 0.003237 0.426170 -0.033093 0.904032
frame_002540.jpg 1.720700 0.177515 0.018406 -0.003149 0.395264 -0.020593 0.918331
frame_002545.jpg 1.699092 0.180409 0.125714 -0.005604 0.359610 -0.018125 0.932910
frame_002550.jpg 1.661963 0.153133 0.254630 -0.003159 0.314525 -0.021925 0.948991
frame_002555.jpg 1.591569 0.163134 0.389569 -0.004219 0.262974 -0.017348 0.964638
frame_002560.jpg 1.520550 0.113356 0.506187 -0.003425 0.211491 -0.024235 0.977074
frame_002565.jpg 1.445698 0.075935 0.581627 -0.004504 0.160726 -0.026709 0.986627
frame_002570.jpg 1.373646 0.080099 0.650617 -0.004625 0.115206 -0.022784 0.993070
frame_002575.jpg 1.318377 0.101316 0.698760 -0.003752 0.076077 -0.016678 0.996955
frame_002580.jpg 1.277274 0.102187 0.719718 -0.001354 0.043132 -0.012419 0.998991
frame_002585.jpg 1.265286 0.096441 0.714483 -0.001298 0.018800 -0.011891 0.999752
frame_002590.jpg 1.268632 0.121632 0.701823 0.002120 -0.001446 -0.001544 0.999996
frame_002595.jpg 1.262725 0.110141 0.686404 0.000384 -0.018334 -0.003995 0.999824
frame_002600.jpg 1.268601 0.105533 0.599159 0.003014 -0.023243 -0.003253 0.999720
frame_002605.jpg 1.266654 0.116651 0.516268 -0.000934 -0.027497 0.001769 0.999620
frame_002610.jpg 1.266547 0.115745 0.414772 -0.002481 -0.029846 0.003406 0.999546
frame_002615.jpg 1.281573 0.092059 0.287169 -0.001946 -0.033636 -0.001606 0.999431
frame_002620.jpg 1.289849 0.086048 0.162488 -0.003003 -0.035573 -0.001596 0.999361
frame_002625.jpg 1.296821 0.080851 0.041431 -0.001696 -0.037766 -0.002101 0.999283
frame_002630.jpg 1.315975 0.073282 -0.065435 -0.001277 -0.045457 -0.002980 0.998961
frame_002635.jpg 1.341326 0.072141 -0.180138 -0.003173 -0.051847 -0.000139 0.998650
frame_002640.jpg 1.354127 0.066659 -0.299743 -0.003834 -0.052125 0.000336 0.998633
frame_002645.jpg 1.373534 0.051286 -0.445983 -0.002058 -0.048588 -0.003098 0.998812
frame_002650.jpg 1.380657 0.048714 -0.608708 0.002038 -0.041285 -0.004135 0.999137
frame_002655.jpg 1.390598 0.076392 -0.761541 0.005873 -0.040598 0.004106 0.999150
frame_002660.jpg 1.426007 0.047737 -0.890743 0.011099 -0.053201 -0.008331 0.998487
frame_002665.jpg 1.437593 0.037394 -1.034198 0.008150 -0.054173 -0.006578 0.998477
frame_002670.jpg 1.422328 0.009515 -1.179946 -0.001996 -0.044551 -0.003328 0.999000
frame_002675.jpg 1.416280 -0.015375 -1.340442 -0.001599 -0.040269 -0.009483 0.999143
frame_002680.jpg 1.459009 -0.009161 -1.468569 -0.001426 -0.049070 -0.005031 0.998782
frame_002685.jpg 1.518415 -0.027546 -1.590871 -0.000027 -0.059259 -0.011249 0.998179
frame_002690.jpg 1.525063 -0.021294 -1.736831 -0.001441 -0.057144 -0.005256 0.998351
frame_002695.jpg 1.517361 -0.053927 -1.906064 -0.003646 -0.052399 -0.010123 0.998568
frame_002700.jpg 1.517397 -0.076708 -2.072746 -0.005501 -0.049760 -0.013016 0.998661
frame_002705.jpg 1.550110 -0.057680 -2.225949 -0.001908 -0.053742 -0.009347 0.998509
frame_002710.jpg 1.582782 -0.038844 -2.369758 0.001275 -0.058563 -0.006415 0.998262
frame_002715.jpg 1.598752 -0.049206 -2.511825 0.001424 -0.060122 -0.007951 0.998158
frame_002720.jpg 1.594164 -0.068501 -2.650792 0.000774 -0.058248 -0.011287 0.998238
frame_002725.jpg 1.580943 -0.066922 -2.775221 0.001185 -0.055091 -0.010213 0.998428
frame_002730.jpg 1.618498 -0.055189 -2.886699 0.003798 -0.059421 -0.009878 0.998177
frame_002735.jpg 1.647562 -0.059729 -3.000082 0.003956 -0.062246 -0.009693 0.998006
frame_002740.jpg 1.642528 -0.074753 -3.118058 0.003102 -0.060461 -0.010519 0.998110
frame_002745.jpg 1.604576 -0.102444 -3.242083 0.000675 -0.053726 -0.012406 0.998478
frame_002750.jpg 1.559715 -0.125140 -3.354600 -0.002458 -0.047567 -0.011000 0.998804
frame_002755.jpg 1.554676 -0.140743 -3.450483 -0.002236 -0.046832 -0.014641 0.998793
frame_002760.jpg 1.551334 -0.139270 -3.539847 -0.001406 -0.046004 -0.014896 0.998829
frame_002765.jpg 1.557511 -0.145005 -3.626845 -0.001468 -0.046041 -0.015372 0.998820
frame_002770.jpg 1.568698 -0.137874 -3.716182 -0.001941 -0.046072 -0.009338 0.998893
frame_002775.jpg 1.557080 -0.137561 -3.794892 -0.002033 -0.043947 -0.008415 0.998996
frame_002780.jpg 1.586046 -0.153797 -3.848309 -0.002676 -0.046240 -0.010930 0.998867
frame_002785.jpg 1.591470 -0.148016 -3.880123 -0.001167 -0.046700 -0.012969 0.998824
frame_002790.jpg 1.640565 -0.147848 -3.871127 -0.002157 -0.052536 -0.010634 0.998560
frame_002795.jpg 1.613951 -0.151709 -3.884186 -0.002168 -0.049158 -0.011567 0.998722
frame_002800.jpg 1.587206 -0.142332 -3.899379 -0.001221 -0.045671 -0.011449 0.998890
