# name tx ty tz qx qy qz qw
frame_000000.jpg 4.789631 0.088625 1.153843 -0.003808 0.720460 -0.035229 0.692591
frame_000030.jpg 4.788374 0.088239 1.151919 -0.003938 0.720647 -0.035323 0.692391
frame_000060.jpg 4.790153 0.089605 1.156200 -0.003761 0.720279 -0.035077 0.692787
frame_000090.jpg 4.789656 0.088174 1.151125 -0.003970 0.720604 -0.035296 0.692437
frame_000120.jpg 4.790483 0.085440 1.145500 -0.003476 0.720998 -0.035029 0.692042
frame_000150.jpg 4.782896 0.087542 1.138896 -0.005100 0.720091 -0.035510 0.692952
frame_000180.jpg 4.827678 0.070770 0.838970 -0.001406 0.736184 -0.032414 0.676003
frame_000210.jpg 4.792155 0.083038 0.859623 -0.003156 0.727090 -0.032340 0.685773
frame_000240.jpg 4.783695 0.056032 0.735354 -0.000805 0.726666 -0.033319 0.686183
frame_000270.jpg 4.775983 0.036065 0.553838 0.005234 0.729874 -0.026995 0.683028
frame_000300.jpg 4.775709 0.059484 0.476938 0.004928 0.726174 -0.023999 0.687074
frame_000330.jpg 4.774119 0.063247 0.323952 -0.001067 0.728703 -0.029377 0.684199
frame_000360.jpg 4.775527 0.068940 0.250182 -0.003084 0.724974 -0.029925 0.688119
frame_000390.jpg 4.781395 0.078865 0.119426 -0.010595 0.725212 -0.035949 0.687505
frame_000420.jpg 4.789527 0.084266 0.093860 -0.011592 0.717474 -0.035571 0.695580
frame_000450.jpg 4.794237 0.081926 -0.164258 -0.012415 0.727848 -0.035213 0.684721
frame_000480.jpg 4.800023 0.091644 -0.240659 -0.008912 0.725625 -0.030620 0.687351
frame_000510.jpg 4.804345 0.114962 -0.254388 -0.009311 0.718319 -0.026803 0.695135
frame_000570.jpg 4.841869 0.124213 -0.261819 -0.011103 0.701725 -0.025307 0.711912
frame_000600.jpg 4.846395 0.113923 -0.428992 -0.008540 0.706801 -0.024452 0.706938
frame_000630.jpg 4.863299 0.103388 -0.431220 -0.009147 0.700679 -0.026026 0.712943
frame_000660.jpg 4.874219 0.094726 -0.465069 -0.006720 0.696914 -0.025096 0.716684
frame_000690.jpg 4.877117 0.089298 -0.599192 -0.008343 0.699470 -0.026679 0.714115
frame_000720.jpg 4.902861 0.124329 -0.583382 -0.012280 0.692093 -0.024948 0.721273
frame_000750.jpg 4.923086 0.121338 -0.538799 -0.014775 0.684405 -0.026941 0.728455
frame_000780.jpg 4.803787 0.222935 1.294901 -0.015111 0.534856 -0.020286 0.844564
frame_000840.jpg 1.933719 0.361688 4.583414 -0.015066 0.103484 -0.009735 0.994469
frame_000870.jpg 1.592557 0.361952 4.705662 -0.014124 0.066816 -0.007836 0.997635
frame_000900.jpg 1.320089 0.363318 4.779115 -0.013626 0.038270 -0.006573 0.999153
frame_000930.jpg 1.308488 0.311389 4.729247 -0.008814 0.038408 -0.007501 0.999195
frame_000960.jpg 1.307322 0.286147 4.658893 -0.006528 0.037762 -0.007602 0.999237
frame_000990.jpg 1.131622 0.213304 4.613485 0.001290 0.018437 -0.006013 0.999811
frame_001020.jpg 1.381497 0.174587 4.457723 0.004629 0.045685 -0.007503 0.998917
frame_001050.jpg 1.310496 0.154313 4.382255 0.006455 0.037323 -0.007562 0.999254
frame_001080.jpg 1.277206 0.195439 4.289530 0.001536 0.033619 -0.006671 0.999411
frame_001110.jpg 1.320108 0.211527 4.164729 -0.000747 0.039081 -0.005763 0.999219
frame_001140.jpg 1.437039 0.190121 4.008571 0.000412 0.049139 -0.008435 0.998756
frame_001170.jpg 1.376912 0.210442 3.918332 -0.002919 0.047198 -0.009163 0.998839
frame_001200.jpg 1.262419 0.213811 3.858005 -0.003740 0.033163 -0.009079 0.999402
frame_001230.jpg 1.322450 0.209021 3.738136 -0.004085 0.038847 -0.009216 0.999194
frame_001260.jpg 1.327207 0.198722 3.621621 -0.003047 0.042709 -0.009122 0.999041
frame_001290.jpg 1.354149 0.205175 3.508705 -0.004181 0.046789 -0.008031 0.998864
frame_001320.jpg 1.451119 0.212857 3.362785 -0.006155 0.060911 -0.008223 0.998090
frame_001350.jpg 1.391502 0.193433 3.278731 -0.003725 0.051927 -0.007736 0.998614
frame_001380.jpg 1.414098 0.186636 3.173168 -0.002812 0.055389 -0.006106 0.998442
frame_001410.jpg 1.431103 0.205700 3.059323 -0.003807 0.057453 -0.007790 0.998311
frame_001440.jpg 1.446706 0.202069 2.952042 -0.007135 0.060386 -0.007237 0.998123
frame_001500.jpg 1.346229 0.174917 2.799799 -0.004740 0.044173 -0.009101 0.998971
frame_001530.jpg 1.386860 0.157528 2.675904 -0.002984 0.052448 -0.010309 0.998566
frame_001560.jpg 1.337425 0.138880 2.597860 0.000433 0.042720 -0.008581 0.999050
frame_001590.jpg 1.431362 0.135984 2.435028 -0.000482 0.061099 -0.009494 0.998086
frame_001620.jpg 1.399806 0.141703 2.351788 -0.002282 0.054601 -0.009070 0.998464
frame_001650.jpg 1.410958 0.143797 2.229567 -0.004163 0.058398 -0.009425 0.998240
frame_001680.jpg 1.344417 0.115489 2.143190 0.001399 0.045503 -0.008993 0.998923
frame_001710.jpg 1.382670 0.119951 2.000341 -0.000592 0.054343 -0.008382 0.998487
frame_001740.jpg 1.396515 0.119575 1.869937 -0.000453 0.057084 -0.006044 0.998351
frame_001770.jpg 1.365838 0.106443 1.771481 0.001748 0.046865 -0.005596 0.998884
frame_001800.jpg 1.368775 0.084771 1.630706 0.004236 0.047921 -0.008183 0.998809
frame_001830.jpg 1.379539 0.083837 1.526353 0.002415 0.044405 -0.005844 0.998994
frame_001860.jpg 1.441847 0.107676 1.371916 -0.002378 0.062983 -0.004389 0.998002
frame_001890.jpg 1.464374 0.098203 1.249436 -0.002842 0.069427 -0.005470 0.997568
frame_001920.jpg 1.392714 0.084459 1.219561 0.000483 0.042798 -0.005187 0.999070
frame_001950.jpg 1.425504 0.075455 1.066674 0.000737 0.056047 -0.006889 0.998404
frame_001980.jpg 1.391435 0.074634 0.989485 -0.000542 0.039456 -0.006103 0.999203
frame_002010.jpg 1.413936 0.076194 0.841043 -0.000286 0.052187 -0.003646 0.998631
frame_002040.jpg 1.396311 0.071168 0.778931 0.001662 0.042363 -0.003082 0.999096
frame_002070.jpg 1.357766 0.077160 0.748564 -0.003991 0.014852 -0.002803 0.999878
frame_002100.jpg 1.372544 0.076115 0.611588 -0.007322 0.024779 -0.003362 0.999660
frame_002130.jpg 1.358558 0.081734 0.536855 -0.010539 0.008885 -0.000187 0.999905
frame_002160.jpg 1.350139 0.082188 0.470797 -0.008067 -0.003315 0.002505 0.999959
frame_002190.jpg 1.337914 0.073227 0.387540 -0.001794 -0.016332 0.003521 0.999859
frame_002220.jpg 1.310128 0.069812 0.376429 0.002652 -0.050144 0.004647 0.998728
frame_002250.jpg 1.320050 0.058716 0.177022 0.004841 -0.014331 0.002140 0.999883
frame_002280.jpg 1.322745 0.060595 0.055723 0.000272 -0.016176 0.004146 0.999861
frame_002310.jpg 1.330956 0.054669 -0.071691 0.001952 -0.018241 0.003864 0.999824
frame_002340.jpg 1.327743 0.045424 -0.226854 -0.000791 -0.013504 0.002690 0.999905
frame_002370.jpg 1.326746 0.029985 -0.382030 -0.002718 -0.004261 0.000175 0.999987
frame_002400.jpg 1.316104 0.020861 -0.523910 -0.001305 -0.003574 -0.001060 0.999992
frame_002430.jpg 1.342662 0.019710 -0.599601 0.004067 -0.027045 -0.001075 0.999625
frame_002460.jpg 1.341365 -0.002522 -0.725075 -0.008866 -0.025363 0.000267 0.999639
frame_002490.jpg 1.330984 0.020536 -0.894690 -0.003978 -0.014238 0.007169 0.999865
frame_002520.jpg 1.336516 0.019686 -1.045375 -0.000180 -0.012795 0.007072 0.999893
frame_002550.jpg 1.391430 0.019941 -1.130964 0.004339 -0.036153 0.005006 0.999324
frame_002580.jpg 1.375427 -0.004183 -1.289703 -0.000668 -0.027941 0.003351 0.999604
frame_002610.jpg 1.340761 -0.005920 -1.478135 0.001535 -0.016422 0.002547 0.999861
frame_002640.jpg 1.327740 -0.007256 -1.671731 0.004321 -0.012770 0.001850 0.999907
frame_002670.jpg 1.365915 -0.011522 -1.821827 0.005791 -0.022526 0.001213 0.999729
frame_002700.jpg 1.319515 -0.038740 -1.986586 0.001424 -0.010082 -0.000523 0.999948
frame_002730.jpg 1.301650 -0.055143 -2.108062 -0.000164 -0.008726 -0.002473 0.999959
frame_002760.jpg 1.421947 -0.023393 -2.176405 0.009413 -0.039276 -0.003204 0.999179
frame_002790.jpg 1.295928 -0.013185 -2.413231 0.012097 -0.012083 -0.002402 0.999851
frame_002820.jpg 1.331138 -0.012775 -2.553776 0.012876 -0.018628 -0.001071 0.999743
frame_002850.jpg 1.287298 -0.037063 -2.714837 0.009766 -0.010500 -0.001693 0.999896
frame_002880.jpg 1.254556 -0.047048 -2.854416 0.010208 -0.005526 -0.004752 0.999921
frame_002910.jpg 1.155446 -0.117749 -3.035853 0.000926 0.009743 -0.008523 0.999916
frame_002940.jpg 1.158596 -0.145859 -3.171109 -0.002565 0.007995 -0.009536 0.999919
frame_002970.jpg 1.069739 -0.135606 -3.347953 0.000382 0.021815 -0.009743 0.999714
frame_003000.jpg 1.080059 -0.126646 -3.476024 0.001970 0.018509 -0.007930 0.999795
frame_003030.jpg 1.066881 -0.105168 -3.618801 0.005984 0.019475 -0.008280 0.999758
frame_003060.jpg 0.973251 -0.100891 -3.797045 0.007665 0.031996 -0.009004 0.999418
frame_003090.jpg 0.954217 -0.118252 -3.918194 0.005113 0.035355 -0.005685 0.999346
frame_003120.jpg 0.914326 -0.128007 -4.051649 0.004427 0.042305 -0.004908 0.999083
frame_003150.jpg 1.076703 -0.189820 -4.124845 -0.003682 0.025262 -0.001489 0.999673
frame_003180.jpg 0.928132 -0.169998 -4.299168 -0.001970 0.046021 0.004292 0.998929
frame_003210.jpg 0.982694 -0.108673 -4.419314 0.005997 0.041816 0.003778 0.999100
frame_003240.jpg 1.279653 -0.122921 -4.441800 0.004174 0.010177 0.005615 0.999924
frame_003270.jpg 1.239649 -0.174925 -4.577506 0.002205 0.014882 -0.004687 0.999876
frame_003300.jpg 1.842874 -0.189777 -4.458656 0.000326 -0.050516 -0.001857 0.998721
frame_003330.jpg 3.017935 -0.187606 -3.868937 -0.001646 -0.185598 0.003439 0.982618
frame_003360.jpg 4.576212 -0.104200 -1.909968 -0.000112 -0.429107 0.013292 0.903156
frame_003390.jpg 4.888530 0.007928 1.122342 0.001426 -0.686563 0.022637 0.726717
frame_003420.jpg 3.902580 0.085985 3.158093 0.003743 -0.833740 0.028235 0.551423
frame_003450.jpg 2.948182 0.121026 4.048919 -0.004967 0.899376 -0.031282 -0.436028
frame_003480.jpg 2.673265 0.135558 4.218430 -0.006157 0.913239 -0.032237 -0.406101
frame_003510.jpg 2.665004 0.125657 4.142919 -0.007316 0.913366 -0.031650 -0.405842
frame_003540.jpg 2.590047 0.128292 4.113990 -0.006909 0.917092 -0.032320 -0.397304
frame_003570.jpg 2.547187 0.129413 4.100557 -0.006484 0.919322 -0.032732 -0.392089
frame_003600.jpg 2.643961 0.123327 4.039712 -0.006298 0.914598 -0.032123 -0.403038
frame_003630.jpg 4.367435 0.041658 2.008839 0.003130 -0.768301 0.025564 0.639571
frame_003660.jpg 4.699640 -0.007257 0.917359 0.001906 -0.687841 0.021868 0.725529
frame_003690.jpg 4.766737 -0.023910 0.488974 0.001289 -0.656330 0.020839 0.754185
frame_003720.jpg 4.745478 -0.005237 0.644344 0.000040 -0.674119 0.024253 0.738224
frame_003750.jpg 4.751434 0.003264 0.483515 0.002859 -0.670040 0.024038 0.741930
frame_003780.jpg 4.733943 0.056438 0.592384 0.006835 -0.687794 0.028315 0.725322
frame_003810.jpg 4.749729 0.054368 0.423759 0.005197 -0.683109 0.030076 0.729678
frame_003840.jpg 4.751589 0.073068 0.407718 0.009150 -0.691364 0.030035 0.721824
frame_003870.jpg 4.759272 0.060792 0.307221 0.008706 -0.694016 0.029514 0.719301
frame_003900.jpg 4.767450 0.039411 0.104428 0.006768 -0.688089 0.029169 0.725008
frame_003930.jpg 4.771646 0.029981 0.015560 0.003679 -0.689142 0.031251 0.723943
frame_003960.jpg 4.768008 0.026769 0.036499 0.003689 -0.698232 0.031097 0.715186
frame_003990.jpg 4.760651 0.017707 -0.045724 0.001538 -0.699764 0.032413 0.713637
frame_004020.jpg 4.747993 0.000090 -0.042161 0.005056 -0.710323 0.026793 0.703348
frame_004050.jpg 4.742075 0.005930 -0.285039 0.005221 -0.701546 0.028682 0.712028
frame_004080.jpg 4.755462 0.040356 -0.483584 0.011865 -0.697446 0.027840 0.715998
frame_004110.jpg 4.762460 0.065927 -0.726840 0.017359 -0.690125 0.026436 0.722999
frame_004140.jpg 4.829070 0.082883 -0.492523 0.017882 -0.717778 0.029057 0.695435
frame_004170.jpg 4.844077 0.043379 -0.560258 0.013886 -0.719525 0.028040 0.693761
frame_004200.jpg 4.888208 0.073935 0.196240 0.011577 -0.776496 0.033724 0.629113
frame_004230.jpg 3.971079 0.187825 2.887668 -0.008942 0.926291 -0.044338 -0.374085
frame_004260.jpg 1.732404 0.250682 4.618340 -0.006715 0.994738 -0.047951 -0.090288
frame_004290.jpg 1.670151 0.241734 4.632166 -0.006321 0.995347 -0.047127 -0.083811
frame_004320.jpg 1.502950 0.241613 4.630243 -0.006236 0.996621 -0.047289 -0.066868
frame_004350.jpg 1.567912 0.251818 4.514775 -0.004690 0.996033 -0.049277 -0.073940
frame_004380.jpg 1.745121 0.192186 4.334803 -0.005160 0.994639 -0.043430 -0.093702
frame_004410.jpg 1.731893 0.201297 4.226841 -0.006013 0.994651 -0.044779 -0.092888
frame_004440.jpg 1.783167 0.203604 4.104652 -0.008181 0.994008 -0.045083 -0.099245
frame_004470.jpg 1.930734 0.216235 3.945443 -0.009297 0.991919 -0.046669 -0.117607
frame_004500.jpg 1.896912 0.228393 3.850642 -0.013123 0.992432 -0.047530 -0.112465
frame_004530.jpg 1.974741 0.197820 3.698117 -0.013903 0.991292 -0.044192 -0.123267
frame_004560.jpg 1.866595 0.220512 3.650592 -0.013214 0.992773 -0.047820 -0.109272
frame_004590.jpg 1.759842 0.226726 3.586474 -0.010633 0.994063 -0.050519 -0.095776
frame_004620.jpg 1.739084 0.222733 3.482283 -0.009024 0.994218 -0.051246 -0.093936
frame_004650.jpg 1.619902 0.206271 3.416986 -0.008194 0.995750 -0.049549 -0.077198
frame_004680.jpg 1.605750 0.175577 3.304113 -0.009508 0.996021 -0.045179 -0.076224
frame_004710.jpg 1.544807 0.194709 3.227330 -0.009847 0.996566 -0.048262 -0.066560
frame_004740.jpg 1.627134 0.212666 3.069318 -0.010964 0.995354 -0.051568 -0.080570
frame_004770.jpg 1.566525 0.189918 2.990835 -0.012998 0.996257 -0.047604 -0.070974
frame_004800.jpg 1.644635 0.163304 2.786780 -0.012913 0.995218 -0.044388 -0.086050
frame_004830.jpg 1.625818 0.157250 2.680340 -0.011078 0.995462 -0.045321 -0.082941
frame_004860.jpg 1.599126 0.141608 2.566217 -0.010058 0.995756 -0.044084 -0.080156
frame_004890.jpg 1.522698 0.127256 2.481164 -0.010035 0.996843 -0.042389 -0.066378
frame_004920.jpg 1.515867 0.106762 2.353006 -0.007832 0.996957 -0.040393 -0.066212
frame_004950.jpg 1.528459 0.100459 2.212411 -0.006140 0.996638 -0.041345 -0.070467
frame_004980.jpg 1.477794 0.088897 2.096794 -0.006279 0.997322 -0.039975 -0.060923
frame_005010.jpg 1.430873 0.085000 1.973161 -0.006711 0.997874 -0.039884 -0.051107
frame_005040.jpg 1.416776 0.094133 1.866447 -0.007130 0.997884 -0.043117 -0.048146
frame_005070.jpg 1.407903 0.093385 1.764276 -0.006172 0.997882 -0.044933 -0.046626
frame_005100.jpg 1.499912 0.072095 1.546598 -0.005056 0.996476 -0.042192 -0.072315
frame_005130.jpg 1.485931 0.062565 1.408515 -0.005532 0.996923 -0.040285 -0.067016
frame_005160.jpg 1.449852 0.067915 1.324501 -0.005443 0.997528 -0.043589 -0.054843
frame_005190.jpg 1.493928 0.053820 1.138756 -0.007163 0.996389 -0.039146 -0.075005
frame_005220.jpg 1.451412 0.043859 1.030163 -0.007651 0.997813 -0.036345 -0.054687
frame_005250.jpg 1.456848 0.030074 0.861452 -0.003323 0.997551 -0.037153 -0.059159
frame_005280.jpg 1.456572 0.007427 0.636239 -0.001425 0.997331 -0.032423 -0.065403
frame_005310.jpg 1.471801 0.002621 0.421412 -0.004979 0.996571 -0.026498 -0.078220
frame_005340.jpg 1.467301 0.013296 0.280258 -0.009045 0.996809 -0.034876 -0.071231
frame_005370.jpg 1.472216 0.012616 0.106561 -0.011204 0.996700 -0.033325 -0.073158
frame_005400.jpg 1.479453 0.003947 -0.122568 -0.012050 0.994966 -0.033780 -0.093571
frame_005430.jpg 1.486172 -0.001530 -0.202764 -0.011457 0.996193 -0.034663 -0.079165
frame_005460.jpg 1.479688 -0.010186 -0.368481 -0.010388 0.995588 -0.032762 -0.087314
frame_005490.jpg 1.490163 -0.018566 -0.554491 -0.009748 0.996545 -0.029815 -0.076909
frame_005520.jpg 1.492091 -0.024287 -0.708953 -0.009473 0.996712 -0.027808 -0.075508
frame_005550.jpg 1.495709 -0.034772 -0.847917 -0.009899 0.996381 -0.033584 -0.077450
frame_005580.jpg 1.500794 -0.042708 -1.009916 -0.008538 0.996482 -0.031980 -0.076994
frame_005610.jpg 1.515211 -0.055327 -1.149695 -0.008694 0.996819 -0.034541 -0.071297
frame_005640.jpg 1.491112 -0.054337 -1.327956 -0.010792 0.996046 -0.032781 -0.081861
frame_005670.jpg 1.474126 -0.060121 -1.492094 -0.009176 0.995807 -0.029941 -0.085950
frame_005700.jpg 1.453818 -0.085208 -1.657339 -0.008135 0.995324 -0.035430 -0.089487
frame_005730.jpg 1.495040 -0.055563 -1.793623 -0.010640 0.996717 -0.026179 -0.075871
frame_005760.jpg 1.570606 -0.064290 -1.868943 -0.010793 0.998005 -0.027676 -0.055711
frame_005790.jpg 1.588944 -0.089277 -2.004454 -0.009831 0.998089 -0.031597 -0.052188
frame_005820.jpg 1.564642 -0.086820 -2.199150 -0.012497 0.997628 -0.030914 -0.060222
frame_005850.jpg 1.588296 -0.107946 -2.345863 -0.013095 0.997805 -0.033944 -0.055332
frame_005880.jpg 1.574894 -0.112525 -2.533781 -0.010851 0.997724 -0.031402 -0.058679
frame_005910.jpg 1.531114 -0.108141 -2.728046 -0.013268 0.997212 -0.030052 -0.067006
frame_005940.jpg 1.586604 -0.118192 -2.867732 -0.014636 0.997657 -0.031056 -0.059176
frame_005970.jpg 1.673921 -0.100444 -2.988023 -0.015400 0.998425 -0.027269 -0.046544
frame_006000.jpg 1.613671 -0.148301 -3.177135 -0.015161 0.997646 -0.033358 -0.057958
frame_006030.jpg 1.584402 -0.150156 -3.343724 -0.010040 0.997719 -0.029352 -0.059956
frame_006060.jpg 1.796962 -0.158605 -3.399822 -0.011124 0.999072 -0.031151 -0.027574
frame_006090.jpg 1.636800 -0.155491 -3.670207 -0.013041 0.998138 -0.029600 -0.051718
frame_006120.jpg 1.443908 -0.187930 -3.926261 -0.015345 0.996211 -0.033418 -0.078816
frame_006150.jpg 1.510824 -0.184232 -4.089861 -0.015823 0.996752 -0.031988 -0.072187
frame_006180.jpg 1.614148 -0.241721 -4.229376 -0.011943 0.997378 -0.036835 -0.061129
frame_006210.jpg 1.350987 -0.244255 -4.479586 -0.014614 0.994986 -0.036535 -0.091952
frame_006240.jpg 1.483082 -0.200449 -4.587028 -0.019292 0.996257 -0.032316 -0.077821
frame_006270.jpg 2.113253 -0.173302 -4.489777 -0.020898 0.999256 -0.030922 -0.009704
frame_006300.jpg 4.373447 -0.033958 -2.273507 -0.011800 0.925405 -0.044975 0.376116
frame_006330.jpg 4.962312 0.058004 0.375953 -0.006950 0.784049 -0.040473 0.619339
frame_006360.jpg 4.904851 0.084160 0.743293 -0.008312 0.754221 -0.040280 0.655331
frame_006390.jpg 4.889722 0.089112 0.731323 -0.007347 0.748315 -0.038139 0.662206
frame_006420.jpg 4.872819 0.081901 0.799598 -0.005814 0.743276 -0.037017 0.667934
frame_006450.jpg 4.872790 0.082176 0.799753 -0.005799 0.743269 -0.036942 0.667947
frame_006480.jpg 4.875345 0.078467 0.773954 -0.005374 0.744832 -0.036583 0.666227
frame_006510.jpg 4.872148 0.069742 0.707463 -0.000914 0.743610 -0.031548 0.667868
frame_006540.jpg 4.877697 0.070830 0.508032 -0.004617 0.749288 -0.034942 0.661305
frame_006570.jpg 4.871566 0.037056 0.290610 0.001263 0.753333 -0.031653 0.656876
frame_006600.jpg 4.857327 0.024723 0.183691 0.005409 0.750220 -0.027722 0.660585
frame_006630.jpg 4.852731 0.043863 0.088250 -0.000363 0.746413 -0.030431 0.664786
frame_006660.jpg 4.846883 0.059454 -0.007198 -0.002911 0.742755 -0.030301 0.668871
frame_006690.jpg 4.846606 0.069212 0.039045 -0.011181 0.730718 -0.037679 0.681547
frame_006720.jpg 4.851896 0.062465 -0.242231 -0.009230 0.741473 -0.035121 0.669999
frame_006750.jpg 4.861722 0.062005 -0.431268 -0.009846 0.746780 -0.034960 0.664079
frame_006780.jpg 4.848024 0.069199 -0.636476 -0.011905 0.751757 -0.033907 0.658460
frame_006810.jpg 4.862860 0.070527 -0.688420 -0.009039 0.746863 -0.030954 0.664195
frame_006840.jpg 4.888823 0.067779 -0.636133 -0.006052 0.734035 -0.028200 0.678499
frame_006870.jpg 4.929024 0.087602 -0.454109 -0.006461 0.711941 -0.027092 0.701687
frame_006900.jpg 4.917702 0.062860 -0.724968 -0.006619 0.720528 -0.028525 0.692808
frame_006930.jpg 4.961035 0.093772 -0.647037 -0.007311 0.704908 -0.025164 0.708815
frame_006960.jpg 4.964838 0.103663 -0.893298 -0.009280 0.714528 -0.024409 0.699119
frame_006990.jpg 5.082164 0.162875 0.006895 -0.014425 0.642845 -0.023501 0.765500
frame_007020.jpg 4.447693 0.246822 2.511223 -0.011813 0.424445 -0.017417 0.905209
frame_007050.jpg 2.043154 0.364560 4.695302 -0.014391 0.112379 -0.008483 0.993525
frame_007080.jpg 1.744387 0.364385 4.813208 -0.013850 0.080798 -0.007988 0.996602
frame_007110.jpg 1.580442 0.370786 4.844377 -0.014323 0.064024 -0.007561 0.997817
frame_007140.jpg 1.473283 0.366138 4.803281 -0.014067 0.053184 -0.007437 0.998458
frame_007170.jpg 1.505921 0.344884 4.678832 -0.012259 0.057025 -0.006817 0.998274
frame_007200.jpg 1.107143 0.269842 4.674176 -0.004261 0.014653 -0.005266 0.999870
frame_007230.jpg 1.185146 0.194903 4.526942 0.002920 0.022720 -0.006140 0.999719
frame_007260.jpg 1.305460 0.190062 4.355817 0.002820 0.035679 -0.005761 0.999343
frame_007290.jpg 1.396297 0.189862 4.171046 0.001464 0.046900 -0.007581 0.998870
frame_007320.jpg 1.383364 0.203215 4.010550 -0.001467 0.046023 -0.008941 0.998899
frame_007350.jpg 1.460587 0.221860 3.852350 -0.004972 0.056162 -0.010137 0.998358
frame_007380.jpg 1.317106 0.218296 3.804297 -0.004147 0.037539 -0.007637 0.999257
frame_007410.jpg 1.581432 0.225394 3.601806 -0.006496 0.072611 -0.009151 0.997297
frame_007440.jpg 1.370318 0.201127 3.572701 -0.003236 0.042544 -0.008104 0.999056
frame_007470.jpg 1.378209 0.214469 3.449430 -0.006234 0.044382 -0.009075 0.998954
frame_007500.jpg 1.210643 0.204716 3.377519 -0.004891 0.020518 -0.007452 0.999750
frame_007530.jpg 1.042743 0.151339 3.273356 0.001071 -0.004922 -0.011482 0.999921
frame_007560.jpg 1.128785 0.211446 3.100637 -0.007524 0.006613 -0.005768 0.999933
frame_007590.jpg 1.288027 0.187771 2.907162 -0.005842 0.031984 -0.008283 0.999437
frame_007620.jpg 1.399979 0.173802 2.700603 -0.005104 0.050948 -0.009018 0.998648
frame_007650.jpg 1.335257 0.122380 2.579646 0.003205 0.037627 -0.009109 0.999245
frame_007680.jpg 1.346977 0.131295 2.414880 0.000905 0.038266 -0.007632 0.999238
frame_007710.jpg 1.317355 0.161321 2.294259 -0.006276 0.032135 -0.007079 0.999439
frame_007740.jpg 1.290043 0.123108 2.199019 0.001535 0.026272 -0.006303 0.999634
frame_007770.jpg 1.270372 0.116401 2.081475 0.002102 0.022219 -0.005933 0.999733
frame_007800.jpg 1.343951 0.125028 1.879283 -0.001121 0.039665 -0.004541 0.999202
frame_007830.jpg 1.271195 0.103179 1.769877 0.003052 0.019505 -0.003984 0.999797
frame_007860.jpg 1.307498 0.102457 1.581563 0.000121 0.031290 -0.004385 0.999501
frame_007890.jpg 1.238423 0.118334 1.490939 -0.004142 0.008499 -0.002391 0.999952
frame_007920.jpg 1.290414 0.095644 1.299824 -0.000503 0.023384 -0.004308 0.999717
frame_007950.jpg 1.286750 0.081052 1.111415 0.001319 0.022396 -0.005517 0.999733
frame_007980.jpg 1.286111 0.085180 0.910474 -0.001654 0.023898 -0.001460 0.999712
frame_008010.jpg 1.296139 0.082097 0.714083 -0.006201 0.026350 -0.002347 0.999631
frame_008040.jpg 1.304374 0.081238 0.548329 -0.008846 0.033914 -0.001098 0.999385
frame_008070.jpg 1.297395 0.084350 0.432416 -0.010017 0.028056 0.002068 0.999554
frame_008100.jpg 1.308740 0.071568 0.253403 -0.003064 0.036641 0.002146 0.999321
frame_008130.jpg 1.291727 0.063995 0.219232 0.003856 -0.015936 0.003267 0.999860
frame_008160.jpg 1.291692 0.057306 0.069766 0.000300 -0.023972 0.003413 0.999707
frame_008190.jpg 1.299097 0.043202 -0.168759 0.000467 -0.002949 0.001183 0.999995
frame_008220.jpg 1.307956 0.033607 -0.337026 -0.003900 -0.008542 0.001331 0.999955
frame_008250.jpg 1.315578 0.019891 -0.447361 0.000194 -0.021415 -0.001060 0.999770
frame_008280.jpg 1.322491 0.027133 -0.561502 0.005491 -0.029947 -0.000102 0.999536
frame_008310.jpg 1.348973 0.019791 -0.640938 -0.001354 -0.046750 0.003604 0.998899
frame_008340.jpg 1.309897 0.016429 -0.884713 -0.003585 -0.008556 0.007200 0.999931
frame_008370.jpg 1.285468 0.012778 -1.094678 -0.000790 0.009831 0.006377 0.999931
frame_008400.jpg 1.305128 0.005620 -1.268491 0.002320 0.008770 0.004121 0.999950
frame_008430.jpg 1.325541 -0.012385 -1.458253 0.000301 0.008726 0.002545 0.999959
frame_008460.jpg 1.268230 -0.035356 -1.701086 0.000031 0.029930 -0.002016 0.999550
frame_008490.jpg 1.326791 -0.028311 -1.846378 0.004968 0.015755 -0.002340 0.999861
frame_008520.jpg 1.261446 -0.047462 -2.029062 0.001793 0.030963 -0.003097 0.999514
frame_008550.jpg 1.262473 -0.068094 -2.165407 -0.002149 0.030356 -0.002386 0.999534
frame_008580.jpg 1.144612 -0.035375 -2.411520 0.007030 0.059045 -0.002365 0.998228
frame_008610.jpg 1.220761 -0.059483 -2.531766 0.003971 0.047131 -0.003000 0.998876
frame_008640.jpg 1.356074 -0.029379 -2.641339 0.013500 0.021053 -0.006656 0.999665
frame_008670.jpg 1.422767 -0.070117 -2.753678 0.007110 0.005861 -0.006782 0.999935
frame_008700.jpg 1.384261 -0.084343 -2.911469 0.006442 0.011329 -0.007937 0.999884
frame_008730.jpg 1.380747 -0.121397 -3.066009 0.000439 0.012841 -0.006089 0.999899
frame_008760.jpg 1.363442 -0.127883 -3.252186 -0.000764 0.017688 -0.003642 0.999837
frame_008790.jpg 1.452433 -0.112313 -3.387829 0.000569 0.007711 0.000985 0.999970
frame_008820.jpg 1.418729 -0.108380 -3.543926 0.002471 0.014486 0.000182 0.999892
frame_008850.jpg 1.373169 -0.113135 -3.758123 0.004425 0.020858 -0.003244 0.999767
frame_008880.jpg 1.423829 -0.117869 -3.906717 0.005003 0.014072 -0.003936 0.999881
frame_008910.jpg 1.434117 -0.127498 -4.088290 0.005117 0.013064 -0.004789 0.999890
frame_008940.jpg 1.532966 -0.142771 -4.222831 0.004708 0.001304 -0.006062 0.999970
frame_008970.jpg 1.572753 -0.159627 -4.365321 0.003116 -0.003701 -0.004488 0.999978
frame_009000.jpg 1.642517 -0.164466 -4.502118 0.002365 -0.011660 -0.001376 0.999928
frame_009030.jpg 1.773525 -0.208932 -4.592884 -0.002341 -0.025743 0.000154 0.999666
frame_009060.jpg 1.975878 -0.229026 -4.614284 -0.004390 -0.047117 0.001316 0.998879
frame_009090.jpg 2.727051 -0.217257 -4.295484 -0.003635 -0.129061 0.002757 0.991626
frame_009120.jpg 5.043926 -0.048476 -1.061021 -0.000012 -0.502606 0.019083 0.864305
frame_009150.jpg 5.028157 0.062249 1.349620 0.001299 -0.689397 0.027782 0.723850
frame_009180.jpg 4.957870 0.066814 1.607220 0.001575 -0.707470 0.027789 0.706195
frame_009210.jpg 4.885209 0.059703 1.733899 -0.001821 -0.718861 0.028714 0.694558
frame_009240.jpg 4.890406 0.056490 1.556574 0.003248 -0.715484 0.026319 0.698126
frame_009270.jpg 4.954291 0.022182 1.087536 0.007422 -0.693616 0.021256 0.719993
frame_009300.jpg 5.005553 0.057941 0.635154 0.011690 -0.673133 0.023637 0.739052
frame_009330.jpg 4.990611 0.080218 0.654971 0.009466 -0.687590 0.028803 0.725466
frame_009360.jpg 4.911477 0.074654 0.939672 0.005851 -0.720019 0.030988 0.693238
frame_009390.jpg 4.863407 0.056705 0.958842 0.006247 -0.735302 0.029220 0.677081
frame_009420.jpg 4.838543 0.062147 0.884363 0.006668 -0.745519 0.030498 0.665753
frame_009450.jpg 4.858402 0.066177 0.652913 0.005552 -0.740435 0.033054 0.671292
frame_009480.jpg 4.889825 0.051444 0.234681 0.003352 -0.720777 0.034655 0.692292
frame_009510.jpg 4.905218 0.049884 -0.105658 0.007759 -0.708312 0.031502 0.705154
frame_009540.jpg 4.921811 0.050957 -0.234885 0.012775 -0.711489 0.027288 0.702051
frame_009570.jpg 4.935131 0.066617 -0.487671 0.017834 -0.706556 0.025094 0.706987
frame_009600.jpg 4.974396 0.044025 -0.145045 0.013112 -0.742211 0.027530 0.669472
frame_009630.jpg 5.011554 0.030072 -0.152620 0.009266 -0.752716 0.030621 0.657568
frame_009660.jpg 5.029705 0.053477 0.395459 0.007801 -0.795439 0.034825 0.604982
frame_009690.jpg 4.411056 0.139320 2.470257 -0.003926 0.909528 -0.043278 -0.413365
frame_009720.jpg 2.237025 0.252317 4.528795 -0.004775 0.991441 -0.048916 -0.120951
frame_009750.jpg 1.495752 0.233999 4.825340 -0.004954 0.998030 -0.046070 -0.042290
frame_009780.jpg 1.310007 0.253569 4.849574 -0.004750 0.998567 -0.048134 -0.022894
frame_009810.jpg 1.217341 0.255150 4.780182 -0.003731 0.998680 -0.048918 -0.015178
frame_009840.jpg 1.312067 0.274282 4.640160 -0.002195 0.998274 -0.052031 -0.027137
frame_009870.jpg 1.261220 0.226504 4.533251 0.000937 0.998567 -0.048272 -0.023104
frame_009900.jpg 1.307404 0.181590 4.406704 0.000007 0.998608 -0.043754 -0.029444
frame_009930.jpg 1.319910 0.164572 4.299246 -0.003720 0.998646 -0.041312 -0.031402
frame_009960.jpg 1.241260 0.210436 4.199304 -0.008813 0.998656 -0.046012 -0.022186
frame_009990.jpg 1.216402 0.225050 4.094868 -0.013367 0.998624 -0.047382 -0.018064
frame_010020.jpg 1.379051 0.213793 3.928059 -0.012781 0.998126 -0.046819 -0.037284
frame_010050.jpg 1.298761 0.229358 3.847052 -0.011332 0.998319 -0.049942 -0.027154
frame_010080.jpg 1.234354 0.243414 3.771274 -0.009860 0.998356 -0.052978 -0.019512
frame_010110.jpg 1.209768 0.226053 3.692096 -0.008303 0.998473 -0.051968 -0.016786
frame_010140.jpg 1.302081 0.208382 3.538773 -0.008659 0.998256 -0.049864 -0.030382
frame_010170.jpg 1.304290 0.175295 3.435597 -0.008404 0.998402 -0.046275 -0.031324
frame_010200.jpg 1.294629 0.185388 3.341637 -0.009656 0.998340 -0.048255 -0.029938
frame_010230.jpg 1.358841 0.221417 3.199411 -0.010547 0.997719 -0.053504 -0.039774
frame_010260.jpg 1.289246 0.201854 3.108489 -0.013497 0.998226 -0.050427 -0.028635
frame_010290.jpg 1.284960 0.163070 2.970934 -0.012307 0.998524 -0.045084 -0.027663
frame_010320.jpg 1.223300 0.157243 2.859375 -0.010312 0.998755 -0.045861 -0.016687
frame_010350.jpg 1.244834 0.142266 2.719065 -0.010214 0.998748 -0.044120 -0.021244
frame_010380.jpg 1.123882 0.122042 2.628679 -0.009179 0.999105 -0.041284 -0.000027
frame_010410.jpg 1.210528 0.102315 2.448404 -0.006081 0.998982 -0.040148 -0.019652
frame_010440.jpg 1.230841 0.091632 2.320529 -0.004625 0.998974 -0.039786 -0.021120
frame_010470.jpg 1.315758 0.096165 2.155582 -0.005202 0.998412 -0.041920 -0.037264
frame_010500.jpg 1.398372 0.086741 1.955563 -0.006777 0.997600 -0.040446 -0.055797
frame_010530.jpg 1.409785 0.088365 1.799914 -0.005583 0.997279 -0.043454 -0.059286
frame_010560.jpg 1.335604 0.083463 1.700635 -0.005006 0.998331 -0.043723 -0.037396
frame_010590.jpg 1.419296 0.061205 1.478171 -0.004818 0.997190 -0.039480 -0.063482
frame_010620.jpg 1.427020 0.066867 1.312975 -0.005478 0.996937 -0.043111 -0.065029
frame_010650.jpg 1.441520 0.052116 1.137363 -0.007373 0.996834 -0.038581 -0.069134
frame_010680.jpg 1.414117 0.045429 1.035985 -0.008226 0.998023 -0.036103 -0.050784
frame_010710.jpg 1.426583 0.032076 0.887357 -0.005603 0.997734 -0.036748 -0.056074
frame_010740.jpg 1.397880 0.016367 0.755164 -0.003292 0.998838 -0.032676 -0.035281
frame_010770.jpg 1.433639 0.011176 0.492411 -0.007381 0.997823 -0.026439 -0.059966
frame_010800.jpg 1.438307 0.018907 0.363046 -0.010029 0.998012 -0.032407 -0.053108
frame_010830.jpg 1.453826 0.023019 0.188742 -0.013483 0.996898 -0.035111 -0.069139
frame_010860.jpg 1.458785 0.007619 0.005495 -0.011008 0.995327 -0.029425 -0.091307
frame_010890.jpg 1.451836 0.008275 -0.085240 -0.012154 0.992076 -0.031352 -0.121053
frame_010920.jpg 1.456838 0.016079 -0.052381 -0.014390 0.993527 -0.028368 -0.109051
frame_010950.jpg 1.462459 0.013266 0.041761 -0.012927 0.996020 -0.032754 -0.081875
frame_010980.jpg 1.458429 0.011460 -0.068280 -0.013904 0.995459 -0.032497 -0.088384
frame_011010.jpg 1.477554 0.002748 -0.189897 -0.012382 0.994616 -0.034611 -0.096892
frame_011040.jpg 1.485054 0.002801 -0.198433 -0.012800 0.997100 -0.035142 -0.066271
frame_011070.jpg 1.481744 -0.005327 -0.312594 -0.011515 0.997105 -0.035501 -0.066250
frame_011100.jpg 1.495407 -0.006766 -0.414431 -0.011753 0.998111 -0.030313 -0.052127
frame_011130.jpg 1.501804 -0.011476 -0.581599 -0.012105 0.998102 -0.028173 -0.053403
frame_011160.jpg 1.504594 -0.025482 -0.739952 -0.011025 0.997862 -0.032358 -0.055706
frame_011190.jpg 1.481481 -0.035479 -0.937753 -0.010130 0.997061 -0.032268 -0.068739
frame_011220.jpg 1.489801 -0.043299 -1.066362 -0.009538 0.997079 -0.033220 -0.068110
frame_011250.jpg 1.459302 -0.051323 -1.232945 -0.009854 0.996048 -0.032389 -0.082110
frame_011280.jpg 1.557663 -0.033464 -1.212379 -0.014030 0.998647 -0.031706 -0.038758
frame_011310.jpg 1.532691 -0.040423 -1.377801 -0.012321 0.998333 -0.029637 -0.047959
frame_011340.jpg 1.571270 -0.066305 -1.467802 -0.012353 0.998652 -0.035243 -0.036042
frame_011370.jpg 1.449338 -0.060545 -1.743104 -0.009947 0.996505 -0.027979 -0.078076
frame_011400.jpg 1.537323 -0.075434 -1.840261 -0.009558 0.998044 -0.029610 -0.054223
frame_011430.jpg 1.490917 -0.083512 -2.023013 -0.009696 0.997292 -0.029846 -0.066513
frame_011460.jpg 1.414675 -0.108414 -2.222236 -0.010132 0.995668 -0.033950 -0.085963
frame_011490.jpg 1.434249 -0.102337 -2.385526 -0.010929 0.995968 -0.030912 -0.083504
frame_011520.jpg 1.378633 -0.122383 -2.592831 -0.009773 0.994958 -0.031649 -0.094669
frame_011550.jpg 1.431841 -0.118402 -2.751446 -0.012022 0.995967 -0.030802 -0.083407
frame_011580.jpg 1.309615 -0.135776 -3.040355 -0.014361 0.994002 -0.031916 -0.103613
frame_011610.jpg 1.370592 -0.141796 -3.235479 -0.013912 0.995272 -0.030668 -0.091101
frame_011640.jpg 1.613940 -0.153605 -3.335202 -0.011676 0.998055 -0.030415 -0.053142
frame_011670.jpg 1.517404 -0.190605 -3.562643 -0.011118 0.997093 -0.034052 -0.067244
frame_011700.jpg 1.378036 -0.175045 -3.784248 -0.013271 0.995648 -0.031589 -0.086669
frame_011730.jpg 1.239969 -0.191971 -4.010873 -0.015394 0.993783 -0.033146 -0.105166
frame_011760.jpg 1.119378 -0.188919 -4.238088 -0.015412 0.992102 -0.030927 -0.120582
frame_011790.jpg 1.198740 -0.246067 -4.390512 -0.013863 0.993190 -0.036584 -0.109738
frame_011820.jpg 0.985525 -0.207706 -4.636219 -0.018160 0.990489 -0.031971 -0.132587
frame_011850.jpg 1.306601 -0.296379 -4.689745 -0.002471 0.994854 -0.033439 -0.095611
frame_011880.jpg 2.345131 -0.207365 -4.318274 -0.007982 0.999252 -0.029942 0.023131
frame_011910.jpg 4.809115 0.007030 -1.336968 -0.014680 0.882625 -0.047527 0.467439
frame_011940.jpg 4.914600 0.104604 0.957535 -0.009165 0.747763 -0.039491 0.662727
frame_011970.jpg 4.898444 0.095219 0.845406 -0.008377 0.746157 -0.039779 0.664528
frame_012000.jpg 4.873786 0.089258 0.804416 -0.005860 0.741050 -0.035721 0.670474
frame_012030.jpg 4.875464 0.083375 0.797709 -0.004312 0.740903 -0.034722 0.670700
