# name tx ty tz qx qy qz qw
frame_000000.jpg -1.075585 0.300519 4.878678 -0.021727 0.032157 -0.014706 0.999138
frame_000010.jpg -1.075862 0.300105 4.878685 -0.021706 0.032134 -0.014615 0.999141
frame_000020.jpg -1.075857 0.299493 4.878502 -0.021647 0.032134 -0.014598 0.999142
frame_000030.jpg -1.076730 0.299558 4.877913 -0.021657 0.032075 -0.014661 0.999143
frame_000040.jpg -1.075124 0.296919 4.877144 -0.021396 0.032273 -0.014646 0.999143
frame_000050.jpg -1.072754 0.296344 4.878685 -0.021341 0.032433 -0.014464 0.999141
frame_000060.jpg -1.070201 0.294392 4.877160 -0.021181 0.032728 -0.014406 0.999136
frame_000070.jpg -1.119407 0.282172 4.850266 -0.020314 0.027770 -0.013287 0.999320
frame_000080.jpg -1.082727 0.257831 4.829707 -0.018268 0.030863 -0.011541 0.999290
frame_000090.jpg -1.254320 0.233746 4.756545 -0.015942 0.013014 -0.010961 0.999728
frame_000100.jpg -1.117003 0.251897 4.749180 -0.017977 0.027293 -0.011758 0.999397
frame_000110.jpg -1.045673 0.223326 4.720307 -0.015503 0.033806 -0.010397 0.999254
frame_000120.jpg -1.031552 0.195773 4.675382 -0.013066 0.034828 -0.009193 0.999266
frame_000130.jpg -1.085619 0.188986 4.608751 -0.012757 0.028639 -0.008533 0.999472
frame_000140.jpg -1.157753 0.183231 4.533831 -0.012783 0.020011 -0.007620 0.999689
frame_000150.jpg -1.160224 0.185264 4.476077 -0.013586 0.018826 -0.006832 0.999707
frame_000160.jpg -1.200047 0.205074 4.413554 -0.015931 0.014129 -0.007076 0.999748
frame_000170.jpg -1.188468 0.216774 4.361252 -0.017591 0.015516 -0.007395 0.999698
frame_000180.jpg -1.235872 0.228472 4.285070 -0.019128 0.009480 -0.008046 0.999740
frame_000190.jpg -1.285473 0.229898 4.208958 -0.019186 0.002471 -0.009269 0.999770
frame_000200.jpg -1.305058 0.215175 4.135914 -0.017450 -0.001087 -0.010470 0.999792
frame_000210.jpg -1.355942 0.204459 4.052722 -0.016531 -0.008508 -0.009763 0.999779
frame_000220.jpg -1.379973 0.202413 3.976017 -0.016766 -0.011790 -0.009562 0.999744
frame_000230.jpg -1.397232 0.191802 3.897848 -0.015891 -0.014369 -0.009094 0.999729
frame_000240.jpg -1.401083 0.190907 3.823057 -0.016702 -0.016179 -0.007519 0.999701
frame_000250.jpg -1.318912 0.171761 3.773359 -0.014657 -0.007016 -0.007424 0.999840
frame_000260.jpg -1.416603 0.144613 3.658863 -0.012031 -0.020898 -0.005753 0.999693
frame_000270.jpg -1.405404 0.114431 3.597332 -0.008192 -0.019464 -0.005532 0.999762
frame_000280.jpg -1.439783 0.110363 3.514416 -0.007503 -0.024535 -0.007204 0.999645
frame_000290.jpg -1.493966 0.095531 3.419247 -0.006320 -0.033110 -0.006179 0.999413
frame_000300.jpg -1.480516 0.096485 3.354805 -0.006571 -0.032094 -0.006640 0.999441
frame_000310.jpg -1.446675 0.089464 3.299591 -0.006176 -0.027181 -0.006510 0.999590
frame_000320.jpg -1.464745 0.106521 3.229315 -0.009604 -0.030640 -0.005215 0.999471
frame_000330.jpg -1.503098 0.120220 3.148299 -0.013029 -0.037937 -0.003196 0.999190
frame_000340.jpg -1.577773 0.163616 3.046443 -0.020425 -0.051268 -0.003567 0.998470
frame_000350.jpg -1.481358 0.146621 3.025907 -0.018295 -0.037676 -0.003426 0.999117
frame_000360.jpg -1.438336 0.156752 2.984581 -0.020464 -0.031968 -0.002724 0.999276
frame_000370.jpg -1.447545 0.152314 2.922174 -0.019994 -0.033533 -0.003045 0.999233
frame_000380.jpg -1.399009 0.164867 2.878247 -0.023398 -0.025557 -0.001195 0.999399
frame_000390.jpg -1.415622 0.150015 2.798244 -0.019785 -0.029848 -0.004867 0.999347
frame_000400.jpg -1.378830 0.142349 2.744968 -0.018008 -0.025377 -0.006793 0.999493
frame_000410.jpg -1.379948 0.123097 2.674258 -0.014791 -0.026055 -0.007588 0.999522
frame_000420.jpg -1.393015 0.116020 2.598366 -0.013236 -0.028221 -0.009321 0.999471
frame_000430.jpg -1.383712 0.095968 2.534767 -0.010765 -0.026778 -0.007743 0.999553
frame_000440.jpg -1.404129 0.098942 2.453711 -0.011109 -0.031829 -0.009431 0.999387
frame_000450.jpg -1.386946 0.090315 2.395418 -0.008837 -0.029494 -0.011346 0.999462
frame_000460.jpg -1.382732 0.097049 2.322804 -0.010978 -0.030210 -0.011409 0.999418
frame_000470.jpg -1.339174 0.101124 2.273231 -0.012576 -0.021166 -0.011294 0.999633
frame_000480.jpg -1.347811 0.099915 2.192315 -0.013675 -0.023219 -0.010195 0.999585
frame_000490.jpg -1.339344 0.086700 2.117163 -0.012349 -0.022197 -0.009137 0.999636
frame_000500.jpg -1.303757 0.064205 2.058183 -0.008597 -0.015951 -0.007592 0.999807
frame_000510.jpg -1.335552 0.067372 1.958273 -0.010699 -0.025524 -0.006834 0.999594
frame_000520.jpg -1.349907 0.074804 1.864934 -0.013728 -0.029532 -0.006698 0.999447
frame_000530.jpg -1.342826 0.076142 1.793829 -0.015238 -0.027967 -0.006798 0.999470
frame_000540.jpg -1.287011 0.062304 1.760711 -0.012876 -0.013787 -0.005692 0.999806
frame_000550.jpg -1.347924 0.067439 1.642847 -0.015002 -0.032383 -0.006261 0.999343
frame_000560.jpg -1.333212 0.063584 1.578820 -0.013903 -0.029763 -0.007059 0.999435
frame_000570.jpg -1.323696 0.056602 1.509059 -0.013690 -0.028049 -0.006186 0.999494
frame_000580.jpg -1.339102 0.053661 1.420058 -0.015660 -0.034445 -0.004457 0.999274
frame_000590.jpg -1.321923 0.050940 1.355677 -0.014690 -0.030827 -0.005310 0.999403
frame_000600.jpg -1.313115 0.044337 1.282989 -0.015619 -0.032010 -0.003145 0.999361
frame_000610.jpg -1.286564 0.050524 1.235091 -0.020323 -0.023750 -0.002265 0.999509
frame_000620.jpg -1.306872 0.032347 1.130638 -0.014859 -0.035787 -0.001353 0.999248
frame_000630.jpg -1.298928 0.023458 1.060477 -0.013852 -0.034918 -0.000169 0.999294
frame_000640.jpg -1.276452 -0.004266 1.011620 0.006579 -0.026031 -0.007248 0.999613
frame_000650.jpg -1.289829 0.022848 0.921412 -0.015395 -0.036980 -0.000782 0.999197
frame_000660.jpg -1.301850 0.019472 0.826894 -0.014022 -0.046999 -0.002076 0.998794
frame_000670.jpg -1.292259 0.016442 0.768014 -0.010716 -0.044795 -0.004182 0.998930
frame_000680.jpg -1.268116 0.026805 0.745519 -0.018457 -0.030825 -0.004588 0.999344
frame_000690.jpg -1.280719 0.026747 0.659404 -0.020446 -0.042759 -0.004356 0.998867
frame_000700.jpg -1.283362 0.023298 0.581316 -0.019442 -0.050311 -0.004548 0.998534
frame_000710.jpg -1.277258 0.019772 0.516390 -0.016751 -0.051227 -0.005663 0.998530
frame_000720.jpg -1.259389 0.019101 0.484488 -0.016079 -0.039843 -0.006396 0.999056
frame_000730.jpg -1.247945 0.020169 0.449452 -0.016068 -0.029262 -0.007529 0.999414
frame_000740.jpg -1.242437 0.024136 0.418478 -0.018002 -0.020468 -0.009513 0.999583
frame_000750.jpg -1.249934 0.022088 0.339471 -0.017493 -0.029726 -0.010396 0.999351
frame_000760.jpg -1.250431 0.020979 0.262453 -0.019749 -0.037917 -0.010504 0.999031
frame_000770.jpg -1.240289 0.019713 0.190779 -0.020278 -0.042770 -0.010980 0.998819
frame_000780.jpg -1.224398 0.018422 0.127975 -0.018843 -0.041566 -0.011874 0.998888
frame_000790.jpg -1.210045 0.014614 0.063461 -0.019163 -0.042298 -0.011117 0.998859
frame_000800.jpg -1.198799 0.010163 0.012065 -0.019205 -0.038708 -0.010190 0.999014
frame_000810.jpg -1.185696 0.003241 -0.054589 -0.019753 -0.041955 -0.008620 0.998887
frame_000820.jpg -1.178352 -0.000603 -0.109475 -0.019958 -0.038584 -0.008297 0.999022
frame_000830.jpg -1.180006 -0.005702 -0.166829 -0.019922 -0.035132 -0.007422 0.999157
frame_000840.jpg -1.183006 -0.011103 -0.239611 -0.017728 -0.036161 -0.006510 0.999168
frame_000850.jpg -1.184709 -0.011416 -0.285938 -0.018493 -0.026126 -0.007286 0.999461
frame_000860.jpg -1.172753 -0.013293 -0.370926 -0.017416 -0.030301 -0.007559 0.999360
frame_000870.jpg -1.159555 -0.021254 -0.455494 -0.018341 -0.033384 -0.006275 0.999255
frame_000880.jpg -1.167519 -0.018813 -0.511503 -0.017262 -0.024906 -0.007882 0.999510
frame_000890.jpg -1.166629 -0.023306 -0.589648 -0.017495 -0.026325 -0.007526 0.999472
frame_000900.jpg -1.165967 -0.013682 -0.667291 -0.011465 -0.026126 -0.010354 0.999539
frame_000910.jpg -1.156657 -0.025932 -0.743610 -0.015232 -0.027573 -0.007790 0.999473
frame_000920.jpg -1.150770 -0.030370 -0.812970 -0.014436 -0.024458 -0.006730 0.999574
frame_000930.jpg -1.147107 -0.033726 -0.883524 -0.014686 -0.021391 -0.006943 0.999639
frame_000940.jpg -1.155452 -0.040273 -0.948531 -0.014842 -0.015343 -0.006030 0.999754
frame_000950.jpg -1.136246 -0.041504 -1.040641 -0.014110 -0.022939 -0.006309 0.999617
frame_000960.jpg -1.115035 -0.047302 -1.126765 -0.014883 -0.030830 -0.005989 0.999396
frame_000970.jpg -1.109615 -0.048609 -1.192447 -0.016141 -0.030462 -0.007826 0.999375
frame_000980.jpg -1.119071 -0.053629 -1.248210 -0.017718 -0.024161 -0.008211 0.999517
frame_000990.jpg -1.134361 -0.061668 -1.302488 -0.019907 -0.017402 -0.008496 0.999614
frame_001000.jpg -1.127572 -0.064023 -1.374493 -0.019087 -0.018777 -0.008010 0.999609
frame_001010.jpg -1.077391 -0.068991 -1.478651 -0.018074 -0.034915 -0.006752 0.999204
frame_001020.jpg -1.050536 -0.064864 -1.558580 -0.015066 -0.041692 -0.005848 0.999000
frame_001030.jpg -1.136106 -0.130267 -1.551589 -0.025947 -0.013460 0.007248 0.999546
frame_001040.jpg -1.116124 -0.063303 -1.641166 -0.012660 -0.020540 -0.006012 0.999691
frame_001050.jpg -1.098909 -0.062004 -1.718530 -0.010523 -0.023772 -0.004878 0.999650
frame_001060.jpg -1.045360 -0.067273 -1.818980 -0.009787 -0.035064 -0.002885 0.999333
frame_001070.jpg -1.004345 -0.072675 -1.908111 -0.009894 -0.041712 -0.002405 0.999078
frame_001080.jpg -0.975722 -0.086121 -1.988786 -0.012510 -0.045018 -0.002025 0.998906
frame_001090.jpg -0.932267 -0.093795 -2.077241 -0.012932 -0.053365 -0.000988 0.998491
frame_001100.jpg -0.999944 -0.035764 -2.118198 0.000158 -0.035754 -0.004350 0.999351
frame_001110.jpg -0.969845 -0.102164 -2.195678 -0.013662 -0.041762 -0.001697 0.999033
frame_001120.jpg -0.934178 -0.095630 -2.282206 -0.011671 -0.047914 -0.001977 0.998781
frame_001130.jpg -0.890986 -0.079227 -2.378326 -0.006440 -0.055139 0.000136 0.998458
frame_001140.jpg -0.996514 -0.077297 -2.420487 -0.005379 -0.032446 -0.000734 0.999459
frame_001150.jpg -1.043877 -0.091467 -2.480092 -0.007837 -0.022606 -0.000891 0.999713
frame_001160.jpg -1.020755 -0.103208 -2.570651 -0.007729 -0.025937 0.002316 0.999631
frame_001170.jpg -0.952067 -0.118277 -2.669478 -0.009330 -0.037582 0.003778 0.999243
frame_001180.jpg -1.051849 -0.221685 -2.693612 -0.026383 -0.018035 0.007763 0.999459
frame_001190.jpg -1.050597 -0.131322 -2.784567 -0.009799 -0.017645 0.005144 0.999783
frame_001200.jpg -1.025822 -0.120889 -2.874284 -0.006972 -0.021718 0.005859 0.999723
frame_001210.jpg -0.968769 -0.135391 -2.971168 -0.008423 -0.030952 0.007467 0.999457
frame_001220.jpg -0.944871 -0.061776 -3.064688 0.003116 -0.033216 0.004775 0.999432
frame_001230.jpg -1.208094 0.185137 -3.025945 0.043196 0.009860 0.003485 0.999012
frame_001240.jpg -1.603017 -0.141607 -2.837826 -0.010668 0.074061 0.002361 0.997194
frame_001250.jpg -1.568170 -0.180097 -2.873251 -0.015531 0.066531 0.004593 0.997653
frame_001260.jpg -1.297672 -0.166780 -3.031877 -0.012750 0.021740 0.005835 0.999665
frame_001270.jpg -1.087361 -0.160293 -3.155460 -0.010658 -0.011024 0.007798 0.999852
frame_001280.jpg -1.021941 -0.174863 -3.224616 -0.011974 -0.019302 0.009610 0.999696
frame_001290.jpg -0.970932 -0.182017 -3.291810 -0.012472 -0.024871 0.010584 0.999557
frame_001300.jpg -1.193617 -0.120818 -3.264553 -0.003294 0.009683 0.009504 0.999903
frame_001310.jpg -0.970364 -0.050625 -3.381219 0.006114 -0.023624 0.005978 0.999684
frame_001320.jpg -0.951266 -0.191998 -3.430632 -0.013446 -0.024881 0.009621 0.999554
frame_001330.jpg -0.915379 -0.193205 -3.497699 -0.013696 -0.029620 0.008716 0.999429
frame_001340.jpg -0.891006 -0.209133 -3.552261 -0.015706 -0.032715 0.008785 0.999303
frame_001350.jpg -0.926910 -0.132078 -3.597223 -0.005776 -0.027195 0.004796 0.999602
frame_001360.jpg -0.840544 -0.243647 -3.649209 -0.020107 -0.037390 0.008073 0.999066
frame_001370.jpg -0.853054 -0.238105 -3.684692 -0.019419 -0.033758 0.006472 0.999220
frame_001380.jpg -0.919756 -0.258380 -3.714479 -0.021734 -0.023903 0.007308 0.999451
frame_001390.jpg -1.018809 -0.248085 -3.742160 -0.019989 -0.010407 0.007723 0.999716
frame_001400.jpg -1.061834 -0.236365 -3.777375 -0.018598 -0.004860 0.006575 0.999794
frame_001410.jpg -1.011921 -0.240946 -3.841727 -0.018841 -0.012179 0.006568 0.999727
frame_001420.jpg -1.319967 -0.201507 -3.790716 -0.014863 0.027116 0.002056 0.999520
frame_001430.jpg -0.884767 -0.209727 -3.960623 -0.014511 -0.029074 0.005469 0.999457
frame_001440.jpg -0.904590 -0.192428 -4.009745 -0.012466 -0.025539 0.004540 0.999586
frame_001450.jpg -0.925773 -0.204858 -4.057483 -0.013630 -0.021595 0.005041 0.999661
frame_001460.jpg -0.906469 -0.030165 -4.127616 0.006058 -0.023707 -0.002337 0.999698
frame_001470.jpg -0.827090 -0.237588 -4.190137 -0.017820 -0.032032 0.001602 0.999327
frame_001480.jpg -0.744702 -0.255168 -4.262216 -0.019223 -0.040006 0.002958 0.999010
frame_001490.jpg -0.879793 -0.255506 -4.293153 -0.019378 -0.022746 0.001674 0.999552
frame_001500.jpg -1.276603 -0.250993 -4.246052 -0.018946 0.024423 0.000579 0.999522
frame_001510.jpg -1.869462 -0.262253 -4.068215 -0.020212 0.096678 -0.001842 0.995109
frame_001520.jpg -2.306000 -0.264984 -3.883666 -0.021767 0.151348 -0.003859 0.988233
frame_001530.jpg -2.672084 -0.252386 -3.687571 -0.021997 0.197509 -0.006336 0.980034
frame_001540.jpg -3.110911 -0.252154 -3.364436 -0.023453 0.256983 -0.006953 0.966106
frame_001550.jpg -3.471687 -0.250836 -3.027352 -0.025482 0.309538 -0.008728 0.950505
frame_001560.jpg -3.773184 -0.228997 -2.685748 -0.025849 0.356876 -0.011498 0.933723
frame_001570.jpg -4.028285 -0.198782 -2.341436 -0.023399 0.401841 -0.011215 0.915342
frame_001580.jpg -4.239972 -0.194632 -1.998643 -0.024551 0.443428 -0.011120 0.895905
frame_001590.jpg -4.422119 -0.156427 -1.651050 -0.022528 0.483622 -0.012592 0.874896
frame_001600.jpg -4.591963 -0.143565 -1.201075 -0.022800 0.530397 -0.012225 0.847355
frame_001610.jpg -4.689553 -0.128250 -0.823722 -0.022741 0.567934 -0.011904 0.822674
frame_001620.jpg -4.739256 -0.127067 -0.614090 -0.022826 0.591362 -0.012784 0.805982
frame_001630.jpg -4.766786 -0.118038 -0.503806 -0.020828 0.606549 -0.012427 0.794676
frame_001640.jpg -4.790388 -0.112668 -0.399499 -0.020705 0.621107 -0.013497 0.783336
frame_001650.jpg -4.812740 -0.104261 -0.277281 -0.019714 0.637113 -0.013297 0.770404
frame_001660.jpg -4.829075 -0.100279 -0.234479 -0.018823 0.646399 -0.012694 0.762661
frame_001670.jpg -4.838921 -0.111809 -0.285348 -0.019188 0.648622 -0.012232 0.760770
frame_001680.jpg -4.841187 -0.132263 -0.333410 -0.021945 0.650462 -0.011834 0.759129
frame_001690.jpg -4.845650 -0.137078 -0.331079 -0.024821 0.656244 -0.013954 0.754011
frame_001700.jpg -4.864988 -0.100625 -0.184229 -0.018298 0.673914 -0.012905 0.738470
frame_001710.jpg -4.889011 -0.110364 -0.194685 -0.021165 0.681102 -0.014823 0.731732
frame_001720.jpg -4.891045 -0.098500 -0.272504 -0.020868 0.680097 -0.016005 0.732650
frame_001730.jpg -4.900037 -0.104944 -0.279402 -0.022627 0.684347 -0.017631 0.728592
frame_001740.jpg -4.902947 -0.065449 0.349848 -0.018836 0.732448 -0.015767 0.680379
frame_001750.jpg -4.855323 -0.041091 0.866552 -0.021786 0.768064 -0.019275 0.639712
frame_001760.jpg -4.834609 0.005757 1.019039 -0.020076 0.778526 -0.023098 0.626866
frame_001770.jpg -4.930906 -0.056177 0.419180 -0.024514 0.740543 -0.022575 0.671182
frame_001780.jpg -4.956506 -0.084712 0.124176 -0.027559 0.723224 -0.022116 0.689709
frame_001790.jpg -4.963088 -0.083922 -0.087694 -0.026575 0.712244 -0.023260 0.701043
frame_001800.jpg -4.960395 -0.084173 -0.149842 -0.027708 0.712091 -0.024203 0.701122
frame_001810.jpg -4.953633 -0.081642 -0.326360 -0.025844 0.704674 -0.023806 0.708661
frame_001820.jpg -4.943186 -0.084574 -0.473164 -0.025714 0.699159 -0.023583 0.714114
frame_001830.jpg -4.942330 -0.067118 -0.580394 -0.021788 0.697095 -0.021741 0.716318
frame_001840.jpg -4.963275 -0.047301 -0.541464 -0.023879 0.704631 -0.027869 0.708624
frame_001850.jpg -4.978990 -0.062121 -0.478899 -0.018121 0.713830 -0.017529 0.699865
frame_001860.jpg -4.962790 -0.065607 -0.675861 -0.019045 0.704692 -0.019185 0.708998
frame_001870.jpg -4.942739 -0.073496 -0.821803 -0.019880 0.699035 -0.019720 0.714539
frame_001880.jpg -4.949935 -0.058657 -0.806403 -0.018104 0.704849 -0.019543 0.708857
frame_001890.jpg -4.961182 -0.067041 -0.768417 -0.019320 0.712469 -0.019634 0.701163
frame_001900.jpg -4.975795 -0.088978 -0.735605 -0.021786 0.719304 -0.019770 0.694072
frame_001910.jpg -4.988619 -0.060277 -0.728251 -0.018514 0.724688 -0.019568 0.688551
frame_001920.jpg -4.972803 -0.099284 -0.876991 -0.023023 0.718967 -0.020007 0.694375
frame_001930.jpg -4.952549 -0.104020 -1.026741 -0.023013 0.713471 -0.020587 0.700004
frame_001940.jpg -4.965140 -0.112523 -1.036396 -0.023529 0.718277 -0.020384 0.695060
frame_001950.jpg -4.983612 -0.102194 -1.037075 -0.021726 0.724045 -0.020126 0.689117
frame_001960.jpg -4.997159 -0.115935 -1.042819 -0.021964 0.729410 -0.018185 0.683482
frame_001970.jpg -5.034213 -0.096746 -0.921513 -0.019335 0.743265 -0.016588 0.668511
frame_001980.jpg -5.087937 -0.068815 -0.628968 -0.015743 0.767020 -0.013868 0.641280
frame_001990.jpg -5.128297 -0.052069 -0.057345 -0.014961 0.805117 -0.014252 0.592756
frame_002000.jpg -5.052921 -0.022785 0.903177 -0.014931 0.859620 -0.016791 0.510439
frame_002010.jpg -4.807690 0.023284 1.800200 -0.012727 0.904098 -0.018440 0.426738
frame_002020.jpg -4.394630 0.052385 2.655054 -0.011253 0.940895 -0.018303 0.338018
frame_002030.jpg -3.818871 0.086470 3.438918 -0.010587 0.969419 -0.021364 0.244249
frame_002040.jpg -3.119274 0.127114 4.088089 -0.007744 0.988270 -0.021164 0.151045
frame_002050.jpg -2.551292 0.138483 4.464588 -0.006147 0.996272 -0.019757 0.083754
frame_002060.jpg -2.328050 0.128999 4.562906 -0.006095 0.998114 -0.019074 0.058035
frame_002070.jpg -2.308941 0.131147 4.525631 -0.004956 0.998281 -0.019019 0.055223
frame_002080.jpg -2.348592 0.131354 4.445798 -0.004279 0.998058 -0.018919 0.059191
frame_002090.jpg -2.259643 0.147380 4.424773 -0.004130 0.998569 -0.021123 0.048957
frame_002100.jpg -2.045564 0.157375 4.461032 -0.002492 0.999476 -0.021489 0.024089
frame_002110.jpg -1.937876 0.175661 4.447499 -0.002616 0.999657 -0.023702 0.010821
frame_002120.jpg -1.906689 0.178749 4.396085 -0.002059 0.999690 -0.024017 0.006303
frame_002130.jpg -2.062598 0.196493 4.255488 -0.000777 0.999373 -0.026194 0.023799
frame_002140.jpg -2.068933 0.207257 4.186995 0.000306 0.999346 -0.027269 0.023737
frame_002150.jpg -2.013715 0.207579 4.144869 0.000494 0.999490 -0.027480 0.016240
frame_002160.jpg -1.918230 0.205876 4.120564 0.003164 0.999635 -0.026547 0.003817
frame_002170.jpg -1.955968 0.182886 4.029750 0.003362 0.999674 -0.024012 0.007968
frame_002180.jpg -1.967213 0.174247 3.943469 0.005360 0.999692 -0.022408 0.009266
frame_002190.jpg -1.941798 0.159669 3.872611 0.005560 0.999747 -0.020785 0.006545
frame_002200.jpg -1.851411 0.133420 3.828409 0.005457 0.999815 -0.017756 -0.005023
frame_002210.jpg -1.727535 0.141345 3.806727 0.008698 0.999566 -0.017590 -0.021952
frame_002220.jpg -1.700414 0.087393 3.728771 0.007681 0.999570 -0.011441 -0.025867
frame_002230.jpg -1.663814 0.047749 3.655452 0.007815 0.999477 -0.006230 -0.030752
frame_002240.jpg -1.672974 0.049486 3.561420 0.005781 0.999517 -0.007904 -0.029496
frame_002250.jpg -1.670443 0.076389 3.471757 0.007664 0.999437 -0.011481 -0.030584
frame_002260.jpg -1.662645 0.078171 3.389918 0.008026 0.999351 -0.012055 -0.032990
frame_002270.jpg -1.616664 0.093081 3.326888 0.008278 0.999018 -0.015035 -0.040843
frame_002280.jpg -1.600030 0.121031 3.248392 0.011496 0.998809 -0.018030 -0.043857
frame_002290.jpg -1.649951 0.127332 3.135335 0.010752 0.999094 -0.020255 -0.035846
frame_002300.jpg -1.575380 0.136331 3.097316 0.013945 0.998511 -0.020355 -0.048643
frame_002310.jpg -1.551090 0.140321 3.035455 0.014762 0.998220 -0.021112 -0.053788
frame_002320.jpg -1.552856 0.147756 2.965469 0.016728 0.998132 -0.021524 -0.054683
frame_002330.jpg -1.689036 0.144530 2.815936 0.015865 0.999148 -0.021979 -0.031127
frame_002340.jpg -1.699569 0.148668 2.740294 0.016289 0.999182 -0.022935 -0.029044
frame_002350.jpg -1.634513 0.162572 2.719411 0.016826 0.998676 -0.025963 -0.041104
frame_002360.jpg -1.540548 0.163045 2.720157 0.017376 0.997780 -0.025865 -0.058852
frame_002370.jpg -1.545327 0.164083 2.661344 0.018346 0.997743 -0.025838 -0.059203
frame_002380.jpg -1.635070 0.156160 2.528964 0.016899 0.998624 -0.026249 -0.042126
frame_002390.jpg -1.717015 0.160235 2.392201 0.017925 0.999155 -0.027002 -0.025277
frame_002400.jpg -1.719333 0.163853 2.309497 0.019304 0.999140 -0.027253 -0.024579
frame_002410.jpg -1.672177 0.174745 2.261044 0.019725 0.998747 -0.030157 -0.034713
frame_002420.jpg -1.654267 0.173164 2.196766 0.019091 0.998591 -0.031349 -0.038330
frame_002430.jpg -1.659581 0.176692 2.104231 0.020279 0.998624 -0.032546 -0.035768
frame_002440.jpg -1.708755 0.167713 1.976254 0.021479 0.999076 -0.029675 -0.022470
frame_002450.jpg -1.675193 0.163238 1.917182 0.021294 0.998858 -0.030054 -0.030439
frame_002460.jpg -1.623965 0.161285 1.877642 0.020997 0.998358 -0.030728 -0.043555
frame_002470.jpg -1.606237 0.162294 1.805644 0.021872 0.998175 -0.030786 -0.047115
frame_002480.jpg -1.652744 0.150152 1.670866 0.021063 0.998822 -0.028942 -0.032751
frame_002490.jpg -1.660556 0.139894 1.571848 0.020661 0.998971 -0.027618 -0.029458
frame_002500.jpg -1.636936 0.126112 1.505434 0.020712 0.998822 -0.024899 -0.036131
frame_002510.jpg -1.595245 0.114224 1.466937 0.019518 0.998279 -0.023171 -0.050220
frame_002520.jpg -1.567820 0.115503 1.422423 0.019745 0.997719 -0.024100 -0.059889
frame_002530.jpg -1.593289 0.118677 1.302194 0.019044 0.998263 -0.027778 -0.048349
frame_002540.jpg -1.610736 0.110715 1.184981 0.018486 0.998654 -0.027307 -0.040041
frame_002550.jpg -1.584781 0.102078 1.141639 0.017338 0.998106 -0.027514 -0.052225
frame_002560.jpg -1.587364 0.088000 1.061749 0.014667 0.998255 -0.025702 -0.051109
frame_002570.jpg -1.605080 0.074330 0.953495 0.012952 0.998714 -0.023728 -0.042885
frame_002580.jpg -1.605377 0.061144 0.870197 0.010952 0.998876 -0.022276 -0.040382
frame_002590.jpg -1.606632 0.059533 0.787720 0.010813 0.998870 -0.023593 -0.039820
frame_002600.jpg -1.604480 0.047182 0.707055 0.007699 0.998883 -0.024567 -0.039622
frame_002610.jpg -1.602463 0.039700 0.628568 0.006868 0.998876 -0.023270 -0.040726
frame_002620.jpg -1.607790 0.038597 0.509780 0.007292 0.999168 -0.025789 -0.030750
frame_002630.jpg -1.613018 0.029527 0.385419 0.006583 0.999469 -0.024949 -0.019915
frame_002640.jpg -1.606149 0.035681 0.317222 0.008456 0.999182 -0.028040 -0.027897
frame_002650.jpg -1.602895 0.030261 0.229262 0.008226 0.999134 -0.025731 -0.031637
frame_002660.jpg -1.603985 0.022429 0.139551 0.006862 0.999049 -0.027465 -0.033168
frame_002670.jpg -1.603083 0.015235 0.022228 0.006013 0.999253 -0.029867 -0.023760
frame_002680.jpg -1.605335 0.003467 -0.080542 0.004085 0.999299 -0.030149 -0.021796
frame_002690.jpg -1.606717 -0.000808 -0.158240 0.003432 0.999202 -0.029701 -0.026472
frame_002700.jpg -1.603944 -0.005199 -0.245493 0.004389 0.999018 -0.036231 -0.025105
frame_002710.jpg -1.589065 -0.016904 -0.386580 0.003877 0.999112 -0.040843 -0.009623
frame_002720.jpg -1.576856 -0.019344 -0.500386 0.003591 0.999256 -0.038220 -0.003639
frame_002730.jpg -1.574089 -0.023359 -0.573913 0.002471 0.999305 -0.035770 -0.010201
frame_002740.jpg -1.572848 -0.032464 -0.657546 0.001829 0.999213 -0.037349 -0.013195
frame_002750.jpg -1.560072 -0.044501 -0.774973 0.000220 0.999259 -0.037970 -0.006275
frame_002760.jpg -1.567255 -0.051407 -0.845613 -0.001438 0.999201 -0.036545 -0.016123
frame_002770.jpg -1.557437 -0.052119 -0.949028 0.000501 0.999200 -0.036790 -0.015694
frame_002780.jpg -1.534659 -0.047621 -1.086043 0.002253 0.999411 -0.033985 -0.004077
frame_002790.jpg -1.534699 -0.056238 -1.187202 0.002228 0.999379 -0.035077 -0.002681
frame_002800.jpg -1.531542 -0.044871 -1.292364 0.004007 0.999495 -0.031456 -0.001809
frame_002810.jpg -1.511559 -0.041292 -1.409194 0.005676 0.999540 -0.029596 0.003544
frame_002820.jpg -1.507995 -0.049149 -1.505823 0.006498 0.999459 -0.032143 0.002587
frame_002830.jpg -1.548110 -0.059534 -1.562752 0.008023 0.999221 -0.036841 -0.011614
frame_002840.jpg -1.578444 -0.057651 -1.631420 0.008843 0.999116 -0.035596 -0.020538
frame_002850.jpg -1.573135 -0.046908 -1.732220 0.010029 0.999272 -0.031780 -0.018578
frame_002860.jpg -1.545896 -0.055625 -1.847354 0.008231 0.999386 -0.032077 -0.011423
frame_002870.jpg -1.536126 -0.066664 -1.943525 0.008092 0.999349 -0.034039 -0.008789
frame_002880.jpg -1.582215 -0.078029 -1.997850 0.008536 0.999093 -0.036700 -0.019855
frame_002890.jpg -1.604875 -0.079235 -2.069759 0.007932 0.999002 -0.035957 -0.025300
frame_002900.jpg -1.600606 -0.070266 -2.172280 0.007495 0.999121 -0.033019 -0.024722
frame_002910.jpg -1.537956 -0.096360 -2.318161 0.005974 0.999269 -0.036166 -0.010874
frame_002920.jpg -1.555366 -0.079271 -2.408777 0.006918 0.999311 -0.032681 -0.016198
frame_002930.jpg -1.595510 -0.064121 -2.478917 0.006980 0.999223 -0.028782 -0.026011
frame_002940.jpg -1.621073 -0.053148 -2.559250 0.006880 0.999114 -0.025948 -0.032420
frame_002950.jpg -1.570263 -0.039322 -2.693788 0.008874 0.999416 -0.023335 -0.023339
frame_002960.jpg -1.473742 -0.024691 -2.856794 0.010554 0.999716 -0.020547 -0.005857
frame_002970.jpg -1.469654 -0.035218 -2.974350 0.011258 0.999688 -0.021804 -0.004606
frame_002980.jpg -1.484012 -0.037224 -3.083676 0.013803 0.999640 -0.022208 -0.006062
frame_002990.jpg -1.532824 -0.048486 -3.198733 0.010845 0.999608 -0.021986 -0.013558
frame_003000.jpg -1.435529 -0.040016 -3.361472 0.010143 0.999765 -0.019146 0.001155
frame_003010.jpg -1.458493 -0.024564 -3.467330 0.011426 0.999788 -0.017013 -0.002115
frame_003020.jpg -1.470941 -0.029226 -3.568960 0.009773 0.999813 -0.016202 -0.003948
frame_003030.jpg -1.489022 -0.026649 -3.670253 0.011737 0.999783 -0.016052 -0.006194
frame_003040.jpg -1.450536 -0.040209 -3.797396 0.013187 0.999757 -0.017653 -0.001181
frame_003050.jpg -1.491909 -0.023561 -3.890520 0.014135 0.999756 -0.015444 -0.007099
frame_003060.jpg -1.484298 -0.020891 -3.999177 0.014980 0.999760 -0.014811 -0.006024
frame_003070.jpg -1.526404 -0.028027 -4.081510 0.015874 0.999693 -0.015682 -0.010808
frame_003080.jpg -1.715478 -0.012358 -4.108596 0.015851 0.999227 -0.013725 -0.033240
frame_003090.jpg -2.004584 0.007884 -4.066877 0.015758 0.997529 -0.011573 -0.067478
frame_003100.jpg -2.555212 -0.007131 -3.822195 0.016033 0.990675 -0.014388 -0.134532
frame_003110.jpg -3.234061 -0.011601 -3.333553 0.016960 0.974091 -0.018326 -0.224773
frame_003120.jpg -3.826672 -0.005476 -2.721112 0.017724 0.949106 -0.020757 -0.313772
frame_003130.jpg -4.299760 0.028523 -1.983560 0.020093 0.915179 -0.021293 -0.401984
frame_003140.jpg -4.643241 0.040954 -1.141915 0.021407 0.871846 -0.024739 -0.488686
frame_003150.jpg -4.811211 0.073279 -0.192730 -0.022564 -0.817275 0.026204 0.575209
frame_003160.jpg -4.809471 0.110283 0.542003 -0.023300 -0.770285 0.025377 0.636769
frame_003170.jpg -4.771019 0.118821 0.946954 -0.022060 -0.741757 0.024683 0.669851
frame_003180.jpg -4.760416 0.120437 0.973880 -0.022206 -0.735884 0.024361 0.676305
frame_003190.jpg -4.766396 0.102478 0.906084 -0.020314 -0.736459 0.025263 0.675705
frame_003200.jpg -4.759818 0.105543 0.880100 -0.020097 -0.732812 0.022672 0.679756
frame_003210.jpg -4.733908 0.092165 1.012173 -0.019137 -0.717476 0.024818 0.695878
frame_003220.jpg -4.740097 0.087198 1.003021 -0.018513 -0.712848 0.025211 0.700621
frame_003230.jpg -4.724349 0.092922 1.030044 -0.017511 -0.704502 0.021748 0.709153
frame_003240.jpg -4.731145 0.076118 0.919957 -0.013836 -0.706519 0.018563 0.707315
frame_003250.jpg -4.732114 0.081538 0.875771 -0.013894 -0.704150 0.017051 0.709711
frame_003260.jpg -4.726901 0.079089 0.905411 -0.015550 -0.695863 0.019971 0.717728
frame_003270.jpg -4.731123 0.074940 0.850892 -0.015930 -0.693332 0.020093 0.720162
frame_003280.jpg -4.738465 0.065907 0.761675 -0.014533 -0.693573 0.018837 0.719993
frame_003290.jpg -4.753596 0.043678 0.588917 -0.012850 -0.700398 0.019853 0.713361
frame_003300.jpg -4.750878 0.031421 0.514889 -0.012499 -0.699166 0.019811 0.714575
frame_003310.jpg -4.746393 0.018207 0.482899 -0.011395 -0.694773 0.021007 0.718831
frame_003320.jpg -4.745063 0.000476 0.402032 -0.009719 -0.694022 0.021258 0.719574
frame_003330.jpg -4.747162 0.006176 0.296589 -0.009421 -0.695193 0.019300 0.718502
frame_003340.jpg -4.746765 -0.002165 0.122997 -0.008799 -0.701166 0.018489 0.712704
frame_003350.jpg -4.746378 0.002002 0.057288 -0.006067 -0.698698 0.014761 0.715239
frame_003360.jpg -4.755441 -0.000073 0.049187 -0.005702 -0.692229 0.014296 0.721514
frame_003370.jpg -4.764938 -0.007777 -0.028897 -0.006617 -0.691139 0.015654 0.722522
frame_003380.jpg -4.767406 -0.017472 -0.187942 -0.006660 -0.696356 0.016383 0.717479
frame_003390.jpg -4.771876 -0.026256 -0.281007 -0.006618 -0.697014 0.017200 0.716821
frame_003400.jpg -4.781716 -0.026395 -0.196588 -0.008115 -0.684210 0.018221 0.729012
frame_003410.jpg -4.783098 -0.053232 -0.288898 -0.008636 -0.686009 0.021806 0.727215
frame_003420.jpg -4.781385 -0.054350 -0.359214 -0.007987 -0.686578 0.021014 0.726708
frame_003430.jpg -4.774635 -0.082185 -0.449730 -0.008904 -0.689464 0.025259 0.723824
frame_003440.jpg -4.766248 -0.087150 -0.548652 -0.009217 -0.692999 0.025748 0.720420
frame_003450.jpg -4.768881 -0.093641 -0.576315 -0.010122 -0.690695 0.026833 0.722577
frame_003460.jpg -4.776176 -0.103620 -0.596021 -0.009699 -0.687903 0.027401 0.725220
frame_003470.jpg -4.789024 -0.102556 -0.591301 -0.008481 -0.683342 0.026412 0.729571
frame_003480.jpg -4.789844 -0.095960 -0.659639 -0.007939 -0.684148 0.024825 0.728878
frame_003490.jpg -4.776551 -0.095434 -0.801063 -0.007238 -0.690565 0.023811 0.722842
frame_003500.jpg -4.773838 -0.098892 -0.851482 -0.007464 -0.691113 0.023977 0.722311
frame_003510.jpg -4.791756 -0.077930 -0.784248 -0.007602 -0.682988 0.021771 0.730066
frame_003520.jpg -4.822081 -0.075958 -0.611505 -0.006737 -0.667864 0.021109 0.743953
frame_003530.jpg -4.864371 -0.058793 -0.189375 -0.007396 -0.633868 0.020467 0.773135
frame_003540.jpg -4.864909 -0.036093 0.297864 -0.008476 -0.592962 0.019163 0.804958
frame_003550.jpg -4.765999 0.009069 1.057113 -0.009724 -0.525842 0.016147 0.850373
frame_003560.jpg -4.506885 0.062585 1.892800 -0.010299 -0.445426 0.011014 0.895192
frame_003570.jpg -3.977342 0.115492 2.850929 -0.011344 -0.341318 0.005952 0.939861
frame_003580.jpg -3.294117 0.156451 3.629007 -0.011809 -0.240165 0.000664 0.970660
frame_003590.jpg -2.873215 0.170513 3.981756 -0.012274 -0.185645 -0.000860 0.982540
frame_003600.jpg -2.419945 0.183404 4.277144 -0.012955 -0.131233 -0.001981 0.991265
frame_003610.jpg -1.908593 0.200050 4.535312 -0.014195 -0.073268 -0.003362 0.997206
frame_003620.jpg -1.421292 0.213857 4.719250 -0.015295 -0.020310 -0.004429 0.999667
frame_003630.jpg -1.163001 0.221219 4.789894 -0.015866 0.006867 -0.005075 0.999838
frame_003640.jpg -1.115604 0.214004 4.797487 -0.015108 0.011578 -0.004872 0.999807
frame_003650.jpg -1.057987 0.215868 4.794902 -0.015497 0.017058 -0.004648 0.999724
frame_003660.jpg -0.948269 0.205853 4.791656 -0.014575 0.027859 -0.004564 0.999495
frame_003670.jpg -0.948435 0.187047 4.755936 -0.012967 0.026370 -0.003389 0.999562
frame_003680.jpg -0.980483 0.157413 4.704437 -0.010162 0.021998 -0.003020 0.999702
frame_003690.jpg -1.005687 0.133259 4.650866 -0.007824 0.018373 -0.002891 0.999796
frame_003700.jpg -1.057356 0.132640 4.585740 -0.008104 0.012317 -0.002147 0.999889
frame_003710.jpg -1.059667 0.141210 4.520692 -0.009296 0.012577 -0.002215 0.999875
frame_003720.jpg -1.087891 0.159640 4.443999 -0.011308 0.009721 -0.003477 0.999883
frame_003730.jpg -1.133758 0.204906 4.359348 -0.016700 0.004703 -0.004034 0.999841
frame_003740.jpg -1.163597 0.230440 4.273800 -0.019505 0.001367 -0.006204 0.999790
frame_003750.jpg -1.115355 0.221075 4.215368 -0.018220 0.007083 -0.007868 0.999778
frame_003760.jpg -1.115286 0.196309 4.155076 -0.015684 0.007156 -0.007676 0.999822
frame_003770.jpg -1.187761 0.179853 4.072611 -0.013824 -0.001481 -0.007917 0.999872
frame_003780.jpg -1.255242 0.167133 3.987030 -0.012482 -0.009944 -0.008686 0.999835
frame_003790.jpg -1.204510 0.163328 3.935349 -0.012511 -0.003892 -0.008242 0.999880
frame_003800.jpg -1.152712 0.145159 3.886234 -0.011054 0.002816 -0.007225 0.999909
frame_003810.jpg -1.128101 0.154995 3.830767 -0.011928 0.005873 -0.008223 0.999878
frame_003820.jpg -1.217914 0.141961 3.718140 -0.011357 -0.006880 -0.006842 0.999888
frame_003830.jpg -1.281732 0.109567 3.622624 -0.007741 -0.016648 -0.005813 0.999815
frame_003840.jpg -1.208726 0.096535 3.568995 -0.006098 -0.007469 -0.006355 0.999933
frame_003850.jpg -1.155241 0.094079 3.504733 -0.006346 -0.000756 -0.006390 0.999959
frame_003860.jpg -1.227533 0.085207 3.393810 -0.005386 -0.011824 -0.006444 0.999895
frame_003870.jpg -1.328507 0.076422 3.265531 -0.004830 -0.028140 -0.005396 0.999578
frame_003880.jpg -1.320646 0.109990 3.179707 -0.010485 -0.028672 -0.005602 0.999518
frame_003890.jpg -1.223394 0.134183 3.141700 -0.014502 -0.014706 -0.006128 0.999768
frame_003900.jpg -1.194544 0.156394 3.073463 -0.019017 -0.011172 -0.004765 0.999745
frame_003910.jpg -1.068660 0.162503 3.048100 -0.021616 0.009533 -0.002141 0.999719
frame_003920.jpg -1.132285 0.162602 2.955573 -0.020376 0.000099 -0.007120 0.999767
frame_003930.jpg -1.209852 0.160567 2.853142 -0.019504 -0.013432 -0.009543 0.999674
frame_003940.jpg -1.187099 0.144393 2.785243 -0.017512 -0.010434 -0.008498 0.999756
frame_003950.jpg -1.179865 0.128478 2.707624 -0.015084 -0.009713 -0.009074 0.999798
frame_003960.jpg -1.240912 0.115377 2.584167 -0.012263 -0.021600 -0.011465 0.999626
frame_003970.jpg -1.297692 0.106420 2.462366 -0.010910 -0.034037 -0.012225 0.999286
frame_003980.jpg -1.211605 0.102406 2.413940 -0.010129 -0.017500 -0.014264 0.999694
frame_003990.jpg -1.113098 0.085977 2.373224 -0.007725 0.001660 -0.013976 0.999871
frame_004000.jpg -1.030768 0.079993 2.318139 -0.007081 0.018681 -0.014140 0.999700
frame_004010.jpg -1.053998 0.075302 2.208544 -0.007752 0.013542 -0.012233 0.999803
frame_004020.jpg -1.049954 0.080547 2.116745 -0.009601 0.015565 -0.013459 0.999742
frame_004030.jpg -1.000282 0.081926 2.055001 -0.010465 0.028695 -0.014101 0.999434
frame_004040.jpg -1.005124 0.085697 1.975359 -0.012148 0.028780 -0.014176 0.999411
frame_004050.jpg -1.074932 0.079000 1.856372 -0.012025 0.010134 -0.012150 0.999803
frame_004060.jpg -1.078840 0.069947 1.771487 -0.011463 0.006736 -0.010969 0.999851
frame_004070.jpg -1.034529 0.066221 1.709849 -0.010825 0.017106 -0.011765 0.999726
frame_004080.jpg -1.014205 0.062047 1.631972 -0.011507 0.020555 -0.010346 0.999669
frame_004090.jpg -1.031388 0.054331 1.529560 -0.012394 0.013874 -0.007272 0.999800
frame_004100.jpg -1.058797 0.038487 1.414808 -0.010098 0.002810 -0.004795 0.999934
frame_004110.jpg -1.074374 0.062047 1.311905 -0.016672 -0.004455 -0.009223 0.999809
frame_004120.jpg -1.064188 0.041759 1.219265 -0.015109 -0.004319 -0.003580 0.999870
frame_004130.jpg -1.060769 0.036652 1.127915 -0.013195 -0.004922 -0.004811 0.999889
frame_004140.jpg -1.060168 0.031085 1.034302 -0.013214 -0.006529 -0.003880 0.999884
frame_004150.jpg -1.092249 0.027401 0.891456 -0.012917 -0.026847 -0.004676 0.999545
frame_004160.jpg -1.060289 0.027469 0.813083 -0.014310 -0.015241 -0.005444 0.999767
frame_004170.jpg -1.041421 0.030239 0.714336 -0.018910 -0.011549 -0.005160 0.999741
frame_004180.jpg -1.046128 0.026818 0.588265 -0.016758 -0.018548 -0.007254 0.999661
frame_004190.jpg -1.063448 0.022498 0.435675 -0.017197 -0.041008 -0.007709 0.998981
frame_004200.jpg -1.068238 0.020319 0.309552 -0.018895 -0.052156 -0.008128 0.998427
frame_004210.jpg -1.058817 0.016431 0.217344 -0.018346 -0.045402 -0.008880 0.998761
frame_004220.jpg -1.041698 0.013907 0.145274 -0.015576 -0.026643 -0.010020 0.999473
frame_004230.jpg -1.032264 0.012381 0.001515 -0.006839 -0.039157 -0.011243 0.999146
frame_004240.jpg -1.022975 -0.002968 -0.102003 -0.015506 -0.035956 -0.006081 0.999215
frame_004250.jpg -1.013536 -0.015629 -0.206736 -0.015794 -0.031147 -0.001850 0.999388
frame_004260.jpg -1.012467 -0.022364 -0.311317 -0.016934 -0.025791 -0.001522 0.999523
frame_004270.jpg -1.005768 -0.029935 -0.429543 -0.017347 -0.026461 -0.000213 0.999499
frame_004280.jpg -0.995049 -0.028276 -0.553876 -0.015452 -0.030757 -0.002252 0.999405
frame_004290.jpg -0.976071 -0.030194 -0.690625 -0.013542 -0.038566 -0.003134 0.999159
frame_004300.jpg -0.971662 -0.031526 -0.810357 -0.014262 -0.036728 -0.005153 0.999210
frame_004310.jpg -0.966401 -0.037084 -0.930173 -0.016228 -0.036863 -0.007201 0.999163
frame_004320.jpg -0.946936 -0.038144 -1.062184 -0.016164 -0.043271 -0.009515 0.998887
frame_004330.jpg -0.933696 -0.037532 -1.183413 -0.014234 -0.045008 -0.010119 0.998834
frame_004340.jpg -0.939692 -0.048355 -1.289207 -0.017810 -0.038708 -0.011274 0.999028
frame_004350.jpg -0.954504 -0.050003 -1.399660 -0.016116 -0.030462 -0.011297 0.999342
frame_004360.jpg -0.917079 -0.036782 -1.542619 -0.009428 -0.040832 -0.011098 0.999060
frame_004370.jpg -0.878614 -0.042647 -1.675727 -0.008013 -0.050788 -0.007538 0.998649
frame_004380.jpg -0.904030 -0.049688 -1.780065 -0.008443 -0.041479 -0.007856 0.999073
frame_004390.jpg -0.899821 -0.065110 -1.900162 -0.008634 -0.040854 -0.003158 0.999123
frame_004400.jpg -0.875046 -0.083428 -2.028387 -0.011919 -0.047232 -0.002753 0.998809
frame_004410.jpg -0.834364 -0.097102 -2.160642 -0.014783 -0.055219 -0.004216 0.998356
frame_004420.jpg -0.876202 -0.080175 -2.271416 -0.008148 -0.042681 -0.002141 0.999053
frame_004430.jpg -0.934580 -0.061021 -2.375889 -0.001952 -0.026477 0.000295 0.999647
frame_004440.jpg -0.864182 -0.071419 -2.529941 -0.002540 -0.038988 0.001288 0.999236
frame_004450.jpg -0.778546 -0.097532 -2.681850 -0.005743 -0.053272 0.003404 0.998558
frame_004460.jpg -0.744330 -0.109251 -2.820592 -0.006323 -0.056538 0.004847 0.998369
frame_004470.jpg -0.862760 -0.126809 -2.915014 -0.007789 -0.033273 0.006860 0.999392
frame_004480.jpg -0.834190 -0.141744 -3.040341 -0.008989 -0.034929 0.007679 0.999320
frame_004490.jpg -0.797974 -0.150128 -3.169868 -0.008578 -0.037772 0.010753 0.999192
frame_004500.jpg -0.801199 -0.174558 -3.287191 -0.012144 -0.033467 0.008858 0.999327
frame_004510.jpg -0.874102 -0.181824 -3.390855 -0.012527 -0.019702 0.008030 0.999695
frame_004520.jpg -0.853258 -0.190238 -3.514411 -0.013489 -0.020482 0.006672 0.999677
frame_004530.jpg -0.764760 -0.254502 -3.644836 -0.021919 -0.030974 0.006329 0.999260
frame_004540.jpg -0.715169 -0.246894 -3.768873 -0.020533 -0.035148 0.006002 0.999153
frame_004550.jpg -0.871454 -0.222903 -3.859008 -0.016792 -0.012383 0.005379 0.999768
frame_004560.jpg -0.895759 -0.211485 -3.971955 -0.015320 -0.007856 0.003429 0.999846
frame_004570.jpg -0.804118 -0.212495 -4.114062 -0.015224 -0.019074 0.002666 0.999699
frame_004580.jpg -0.831161 -0.242652 -4.231737 -0.019007 -0.015895 -0.000852 0.999693
frame_004590.jpg -0.797936 -0.259022 -4.352315 -0.020778 -0.019449 -0.001521 0.999594
frame_004600.jpg -1.323218 -0.261829 -4.312321 -0.022066 0.040853 -0.004267 0.998912
frame_004610.jpg -2.169785 -0.235003 -4.028311 -0.020445 0.140679 -0.005362 0.989830
frame_004620.jpg -3.061556 -0.217378 -3.434906 -0.021542 0.257305 -0.007460 0.966061
frame_004630.jpg -3.973164 -0.196968 -2.450351 -0.023548 0.394748 -0.010494 0.918428
frame_004640.jpg -4.501459 -0.135386 -1.385165 -0.020769 0.509159 -0.012835 0.860326
frame_004650.jpg -4.675133 -0.115203 -0.686929 -0.020736 0.573727 -0.013209 0.818678
frame_004660.jpg -4.738051 -0.098397 -0.207312 -0.021109 0.615187 -0.014137 0.787972
frame_004670.jpg -4.751085 -0.084264 0.171727 -0.020616 0.647262 -0.014074 0.761859
frame_004680.jpg -4.751049 -0.074723 0.408829 -0.021255 0.669125 -0.014589 0.742703
frame_004690.jpg -4.772276 -0.097785 0.179444 -0.022834 0.655741 -0.014819 0.754495
frame_004700.jpg -4.777577 -0.080988 0.136761 -0.019165 0.658591 -0.013869 0.752129
frame_004710.jpg -4.788149 -0.084425 0.022218 -0.017899 0.657104 -0.012705 0.753480
frame_004720.jpg -4.802972 -0.078675 0.078333 -0.017403 0.669643 -0.013751 0.742352
frame_004730.jpg -4.811792 -0.081770 0.147862 -0.017321 0.683053 -0.012884 0.730049
frame_004740.jpg -4.820311 -0.101636 -0.007163 -0.018741 0.679730 -0.012500 0.733117
frame_004750.jpg -4.826817 -0.089670 -0.059928 -0.018793 0.683965 -0.014204 0.729135
frame_004760.jpg -4.839538 -0.072818 -0.176627 -0.010978 0.684171 -0.009458 0.729178
frame_004770.jpg -4.860440 -0.100642 -0.171413 -0.021307 0.692416 -0.016419 0.720996
frame_004780.jpg -4.861507 -0.083324 -0.391059 -0.024524 0.684200 -0.022796 0.728526
frame_004790.jpg -4.872141 -0.083970 -0.353118 -0.027029 0.695000 -0.025890 0.718035
frame_004800.jpg -4.868451 -0.077148 -0.467977 -0.026132 0.694433 -0.025858 0.718618
frame_004810.jpg -4.882365 -0.070900 -0.514806 -0.022033 0.699172 -0.022964 0.714245
frame_004820.jpg -4.882496 -0.081027 -0.665629 -0.019477 0.695927 -0.018480 0.717611
frame_004830.jpg -4.902908 -0.060713 -0.617704 -0.018288 0.707029 -0.020213 0.706659
frame_004840.jpg -4.903685 -0.011635 -0.707010 -0.009255 0.708234 -0.016981 0.705713
frame_004850.jpg -4.922350 -0.078070 -0.638105 -0.021211 0.719344 -0.021201 0.694006
frame_004860.jpg -4.939434 -0.078264 -0.595273 -0.020859 0.728707 -0.020194 0.684209
frame_004870.jpg -4.947952 -0.086324 -0.617321 -0.020888 0.734035 -0.020044 0.678494
frame_004880.jpg -4.950986 -0.099649 -0.637157 -0.022653 0.739405 -0.019734 0.672590
frame_004890.jpg -4.942795 -0.116500 -0.725064 -0.025040 0.739854 -0.020556 0.671987
frame_004900.jpg -4.939733 -0.091204 -0.808741 -0.021049 0.741386 -0.018943 0.670482
frame_004910.jpg -4.915180 -0.106524 -1.001669 -0.020145 0.734987 -0.015972 0.677593
frame_004920.jpg -4.890471 -0.109867 -1.175234 -0.017733 0.729468 -0.012891 0.683663
frame_004930.jpg -4.896641 -0.104775 -1.183132 -0.017650 0.734165 -0.013995 0.678598
frame_004940.jpg -4.876064 -0.096858 -1.285788 -0.016880 0.731376 -0.014965 0.681601
frame_004950.jpg -4.968567 -0.094265 -0.903357 -0.017389 0.761516 -0.016221 0.647710
frame_004960.jpg -5.055043 -0.065151 -0.001524 -0.016441 0.818910 -0.015842 0.573468
frame_004970.jpg -4.962459 -0.019946 0.960380 -0.014850 0.871785 -0.017636 0.489347
frame_004980.jpg -4.637192 0.036707 1.999109 -0.011598 0.920655 -0.019036 0.389740
frame_004990.jpg -4.071174 0.081815 2.986986 -0.009441 0.959604 -0.020787 0.280428
frame_005000.jpg -3.483762 0.112526 3.650522 -0.005865 0.981197 -0.019553 0.191928
frame_005010.jpg -2.929221 0.119759 4.099381 -0.003905 0.992686 -0.018362 0.119260
frame_005020.jpg -2.451062 0.131114 4.389926 -0.001108 0.997941 -0.017326 0.061740
frame_005030.jpg -2.189797 0.153224 4.497277 -0.001055 0.999303 -0.019819 0.031611
frame_005040.jpg -2.110492 0.159790 4.508158 -0.000279 0.999542 -0.020136 0.022588
frame_005050.jpg -2.120588 0.164686 4.489048 -0.000856 0.999496 -0.021026 0.023756
frame_005060.jpg -2.130390 0.159020 4.478029 -0.000453 0.999486 -0.020279 0.024810
frame_005070.jpg -2.146655 0.159052 4.464700 -0.000562 0.999434 -0.020398 0.026759
frame_005080.jpg -2.173288 0.161740 4.428477 -0.000554 0.999344 -0.020893 0.029571
frame_005090.jpg -2.248636 0.175072 4.335583 0.000051 0.998999 -0.022567 0.038616
frame_005100.jpg -2.287842 0.188805 4.243773 0.000655 0.998757 -0.024106 0.043614
frame_005110.jpg -2.334750 0.191718 4.134612 0.000047 0.998437 -0.025221 0.049879
frame_005120.jpg -2.226766 0.207979 4.100445 0.003024 0.998955 -0.026005 0.037450
frame_005130.jpg -2.203140 0.195490 4.020860 0.005771 0.999142 -0.023319 0.033730
frame_005140.jpg -2.183427 0.185515 3.933067 0.006435 0.999268 -0.022525 0.030248
frame_005150.jpg -2.119264 0.198860 3.867391 0.012416 0.999469 -0.021556 0.021039
frame_005160.jpg -2.026100 0.199210 3.823994 0.015405 0.999634 -0.020347 0.009019
frame_005170.jpg -1.956432 0.173848 3.764172 0.016776 0.999714 -0.017053 0.000238
frame_005180.jpg -1.866122 0.142414 3.715568 0.017079 0.999685 -0.013472 -0.012551
frame_005190.jpg -1.763836 0.082936 3.648454 0.015751 0.999508 -0.006617 -0.026295
frame_005200.jpg -1.692494 0.077459 3.565094 0.014708 0.999219 -0.006995 -0.035991
frame_005210.jpg -1.579013 0.101190 3.491295 0.013661 0.998515 -0.011922 -0.051373
frame_005220.jpg -1.545295 0.123899 3.379266 0.014111 0.998197 -0.015945 -0.056114
frame_005230.jpg -1.536687 0.134347 3.259178 0.015050 0.998024 -0.017850 -0.058330
frame_005240.jpg -1.576127 0.136081 3.114548 0.016315 0.998317 -0.018179 -0.052601
frame_005250.jpg -1.551142 0.149713 3.006737 0.016644 0.998039 -0.020933 -0.056586
frame_005260.jpg -1.541415 0.160935 2.885670 0.016404 0.997872 -0.024338 -0.058222
frame_005270.jpg -1.439540 0.167033 2.820752 0.018473 0.996547 -0.025244 -0.076915
frame_005280.jpg -1.439311 0.176062 2.706938 0.018446 0.996351 -0.028296 -0.078381
frame_005290.jpg -1.508275 0.161536 2.552080 0.018871 0.997301 -0.026106 -0.065979
frame_005300.jpg -1.486677 0.172713 2.446643 0.020746 0.996852 -0.028385 -0.071064
frame_005310.jpg -1.538496 0.179496 2.291360 0.018976 0.997402 -0.032494 -0.061429
frame_005320.jpg -1.532600 0.180683 2.169842 0.020993 0.997256 -0.032373 -0.063183
frame_005330.jpg -1.541115 0.167008 2.026314 0.020802 0.997565 -0.031091 -0.058854
frame_005340.jpg -1.583835 0.161832 1.853905 0.022146 0.998332 -0.030022 -0.044070
frame_005350.jpg -1.578298 0.151360 1.716340 0.020688 0.998496 -0.029798 -0.041110
frame_005360.jpg -1.563476 0.133949 1.585639 0.020574 0.998516 -0.026393 -0.042970
frame_005370.jpg -1.569834 0.115952 1.445109 0.020011 0.998777 -0.022435 -0.039254
frame_005380.jpg -1.559094 0.114122 1.307241 0.019037 0.998767 -0.025246 -0.038274
frame_005390.jpg -1.551213 0.103297 1.152345 0.017788 0.998966 -0.025444 -0.033227
frame_005400.jpg -1.530574 0.095475 1.017762 0.016800 0.998900 -0.026672 -0.034704
frame_005410.jpg -1.534469 0.072179 0.863316 0.014991 0.999210 -0.020901 -0.030311
frame_005420.jpg -1.521525 0.050021 0.738641 0.010058 0.999225 -0.018497 -0.033265
frame_005430.jpg -1.512757 0.045286 0.591122 0.008805 0.999285 -0.021709 -0.029683
frame_005440.jpg -1.510436 0.038289 0.409003 0.007487 0.999506 -0.025941 -0.016104
frame_005450.jpg -1.496231 0.034190 0.275179 0.007960 0.999362 -0.028588 -0.019885
frame_005460.jpg -1.487042 0.032749 0.150615 0.009137 0.999287 -0.024816 -0.026945
frame_005470.jpg -1.477271 0.019619 0.005979 0.007498 0.999205 -0.028554 -0.026806
frame_005480.jpg -1.460242 0.012754 -0.175411 0.007480 0.999428 -0.029318 -0.015090
frame_005490.jpg -1.445337 -0.002422 -0.330015 0.005988 0.999298 -0.035677 -0.009780
frame_005500.jpg -1.437131 -0.012142 -0.459442 0.004001 0.999357 -0.033649 -0.011756
frame_005510.jpg -1.428382 -0.015981 -0.588457 0.003688 0.999451 -0.031425 -0.009841
frame_005520.jpg -1.384045 -0.044143 -0.768778 0.001038 0.999082 -0.041088 0.012070
frame_005530.jpg -1.377790 -0.044848 -0.881617 0.001944 0.999181 -0.039346 0.009263
frame_005540.jpg -1.385604 -0.039334 -0.978167 0.003291 0.999326 -0.036522 0.001479
frame_005550.jpg -1.403793 -0.050313 -1.069017 0.002217 0.999293 -0.036949 -0.006661
frame_005560.jpg -1.395394 -0.042057 -1.199193 0.004495 0.999400 -0.034116 -0.003968
frame_005570.jpg -1.376031 -0.041858 -1.349334 0.005346 0.999466 -0.032231 0.000233
frame_005580.jpg -1.355825 -0.052122 -1.496923 0.005101 0.999405 -0.033948 0.003380
frame_005590.jpg -1.369055 -0.055779 -1.623667 0.008816 0.999291 -0.036507 -0.002677
frame_005600.jpg -1.358307 -0.060855 -1.766948 0.006308 0.999406 -0.033821 -0.001908
frame_005610.jpg -1.375364 -0.059679 -1.892694 0.006054 0.999430 -0.032123 -0.008381
frame_005620.jpg -1.344517 -0.081075 -2.046940 0.003928 0.999407 -0.034059 -0.003125
frame_005630.jpg -1.362992 -0.079582 -2.160939 0.002148 0.999434 -0.031901 -0.010464
frame_005640.jpg -1.385734 -0.111545 -2.269218 0.000464 0.999191 -0.036738 -0.016379
frame_005650.jpg -1.383120 -0.093056 -2.392511 0.003021 0.999313 -0.033062 -0.016466
frame_005660.jpg -1.296456 -0.080406 -2.558995 0.003116 0.999572 -0.029103 -0.000271
frame_005670.jpg -1.290851 -0.073704 -2.681498 0.003572 0.999621 -0.027307 -0.000037
frame_005680.jpg -1.287477 -0.056868 -2.821049 0.006563 0.999684 -0.024230 0.001062
frame_005690.jpg -1.323048 -0.056005 -2.938330 0.006811 0.999690 -0.023550 -0.004328
frame_005700.jpg -1.371592 -0.052116 -3.052728 0.009912 0.999592 -0.023468 -0.012878
frame_005710.jpg -1.302665 -0.069101 -3.214661 0.007676 0.999685 -0.023766 -0.002560
frame_005720.jpg -1.318732 -0.046250 -3.347393 0.007697 0.999767 -0.019167 -0.006327
frame_005730.jpg -1.396562 -0.046328 -3.446237 0.006555 0.999635 -0.018162 -0.018907
frame_005740.jpg -1.414446 -0.040926 -3.578886 0.008415 0.999574 -0.017551 -0.021749
frame_005750.jpg -1.298219 -0.060473 -3.759449 0.012386 0.999705 -0.020214 -0.005348
frame_005760.jpg -1.285023 -0.044740 -3.905275 0.012465 0.999768 -0.017222 -0.003491
frame_005770.jpg -1.360264 -0.029388 -4.015352 0.013141 0.999725 -0.015126 -0.012192
frame_005780.jpg -1.900397 -0.037912 -3.928372 0.016225 0.996663 -0.018012 -0.077946
frame_005790.jpg -2.388168 0.008185 -3.774885 0.017779 0.989986 -0.013518 -0.139389
frame_005800.jpg -3.374822 0.029853 -3.022205 0.020968 0.959962 -0.016247 -0.278872
frame_005810.jpg -4.084836 0.056453 -2.078770 0.022663 0.914627 -0.018946 -0.403218
frame_005820.jpg -4.518202 0.067445 -1.052723 -0.021238 -0.857339 0.021542 0.513862
frame_005830.jpg -4.696730 0.092235 -0.028410 -0.022435 -0.792375 0.023664 0.609162
frame_005840.jpg -4.691681 0.106525 0.663080 -0.021376 -0.742178 0.023952 0.669433
frame_005850.jpg -4.671754 0.088416 0.918727 -0.019130 -0.718906 0.025131 0.694389
frame_005860.jpg -4.654505 0.098932 1.012242 -0.018739 -0.705877 0.022659 0.707724
frame_005870.jpg -4.706541 0.074041 0.712181 -0.014740 -0.722604 0.019180 0.690839
frame_005880.jpg -4.706725 0.078616 0.723574 -0.013911 -0.716232 0.016844 0.697520
frame_005890.jpg -4.697496 0.081103 0.786806 -0.016098 -0.704912 0.019777 0.708836
frame_005900.jpg -4.715552 0.070901 0.693568 -0.015958 -0.704919 0.020395 0.708815
frame_005910.jpg -4.749581 0.059585 0.477438 -0.013582 -0.713991 0.018122 0.699789
frame_005920.jpg -4.762343 0.037010 0.357062 -0.013369 -0.715702 0.020348 0.697982
frame_005930.jpg -4.770114 0.015815 0.254254 -0.010637 -0.715191 0.020760 0.698539
frame_005940.jpg -4.781688 -0.009136 0.089111 -0.010499 -0.718805 0.022215 0.694778
frame_005950.jpg -4.792852 -0.000965 -0.157357 -0.010494 -0.728760 0.019852 0.684401
frame_005960.jpg -4.795775 -0.038807 -0.328753 -0.007029 -0.733632 0.020717 0.679195
frame_005970.jpg -4.804463 -0.031702 -0.372973 -0.005749 -0.728941 0.018322 0.684307
frame_005980.jpg -4.817055 -0.039534 -0.336201 -0.004285 -0.718478 0.017847 0.695308
frame_005990.jpg -4.820226 -0.061669 -0.433981 -0.004874 -0.717540 0.020548 0.696197
frame_006000.jpg -4.804401 -0.065175 -0.685929 -0.004298 -0.727589 0.019398 0.685726
frame_006010.jpg -4.817648 -0.077088 -0.663378 -0.005759 -0.718519 0.021981 0.695136
frame_006020.jpg -4.859611 -0.074915 -0.490378 -0.009342 -0.693611 0.024186 0.719883
frame_006030.jpg -4.874892 -0.071960 -0.516194 -0.010033 -0.687592 0.024192 0.725625
frame_006040.jpg -4.886839 -0.072177 -0.508465 -0.011872 -0.680150 0.025279 0.732541
frame_006050.jpg -4.910854 -0.055541 -0.330617 -0.010332 -0.659920 0.022382 0.750931
frame_006060.jpg -4.924916 -0.026660 0.253741 -0.009727 -0.607988 0.019493 0.793647
frame_006070.jpg -4.797515 0.033640 1.182742 -0.011060 -0.524166 0.014733 0.851417
frame_006080.jpg -4.481605 0.082044 2.083912 -0.012517 -0.435256 0.010989 0.900153
frame_006090.jpg -3.913224 0.142313 3.016938 -0.014004 -0.329644 0.005338 0.943986
frame_006100.jpg -3.268068 0.176105 3.703701 -0.014595 -0.236311 0.001947 0.971566
frame_006110.jpg -2.343999 0.215940 4.349612 -0.016337 -0.123343 -0.002171 0.992227
frame_006120.jpg -1.539972 0.226765 4.697858 -0.016857 -0.035285 -0.003260 0.999230
frame_006130.jpg -1.475638 0.221801 4.713898 -0.016312 -0.028682 -0.003459 0.999450
frame_006140.jpg -1.461660 0.223802 4.718881 -0.016441 -0.027283 -0.003568 0.999486
frame_006150.jpg -1.467866 0.221140 4.716280 -0.016203 -0.027866 -0.003496 0.999474
