# name tx ty tz qx qy qz qw
frame_000000.jpg 1.145161 0.486330 3.232640 -0.100467 0.968157 -0.228681 -0.016802
frame_000010.jpg 1.142992 0.491268 3.241138 -0.100868 0.968235 -0.228166 -0.016942
frame_000020.jpg 1.145440 0.486459 3.238242 -0.100282 0.968248 -0.228346 -0.017267
frame_000030.jpg 1.072298 0.485085 3.232585 -0.099009 0.968242 -0.229501 -0.005902
frame_000040.jpg 1.207834 0.472145 3.118465 -0.101145 0.968003 -0.228261 -0.025217
frame_000050.jpg 1.197147 0.469350 3.036368 -0.101175 0.967778 -0.229491 -0.022428
frame_000060.jpg 1.118569 0.468847 2.968369 -0.102436 0.967389 -0.231530 -0.007642
frame_000070.jpg 1.126158 0.450287 2.869170 -0.102728 0.967454 -0.231193 -0.005429
frame_000080.jpg 1.120506 0.439290 2.774024 -0.105940 0.967249 -0.230663 -0.000365
frame_000090.jpg 1.134160 0.423908 2.658437 -0.105280 0.967272 -0.230864 -0.001859
frame_000100.jpg 1.172433 0.390936 2.520337 -0.106884 0.968010 -0.226906 -0.006750
frame_000110.jpg 1.186569 0.371766 2.387378 -0.107643 0.968020 -0.226472 -0.007863
frame_000120.jpg 1.122590 0.351597 2.280376 -0.105958 0.968211 -0.226491 0.006432
frame_000130.jpg 1.211849 0.337951 2.092831 -0.107782 0.967820 -0.227180 -0.009885
frame_000140.jpg 1.252702 0.305488 1.923010 -0.108571 0.968277 -0.224371 -0.017587
frame_000150.jpg 1.255108 0.284776 1.761526 -0.108303 0.968474 -0.223365 -0.020914
frame_000160.jpg 1.215226 0.273793 1.630701 -0.110062 0.967980 -0.225390 -0.010005
frame_000170.jpg 1.193358 0.261390 1.489568 -0.109388 0.967446 -0.228211 -0.001745
frame_000180.jpg 1.208527 0.228099 1.318648 -0.111120 0.968162 -0.224279 -0.003637
frame_000190.jpg 1.212346 0.191222 1.149052 -0.110942 0.969582 -0.218106 -0.005720
frame_000200.jpg 1.206230 0.175525 1.001101 -0.110628 0.969082 -0.220543 -0.001713
frame_000210.jpg 1.179644 0.168562 0.869989 -0.109814 0.967833 -0.226093 0.011066
frame_000220.jpg 1.208915 0.145035 0.673875 -0.111802 0.967908 -0.225063 0.000507
frame_000230.jpg 1.205933 0.118509 0.487535 -0.112483 0.968460 -0.222327 -0.001800
frame_000240.jpg 1.200265 0.091213 0.295128 -0.112655 0.968730 -0.220956 -0.007025
frame_000250.jpg 1.189445 0.052492 0.115043 -0.105720 0.969588 -0.220553 -0.008905
frame_000260.jpg 1.171562 0.019527 -0.067653 -0.102410 0.970408 -0.218419 -0.010684
frame_000270.jpg 1.171503 -0.005817 -0.273640 -0.102803 0.969550 -0.221697 -0.015961
frame_000280.jpg 1.164919 -0.036578 -0.477605 -0.101358 0.969678 -0.221331 -0.021536
frame_000290.jpg 1.164657 -0.059035 -0.648019 -0.100269 0.969441 -0.223381 -0.015197
frame_000300.jpg 1.150367 -0.095506 -0.867645 -0.101794 0.968898 -0.223270 -0.032037
frame_000310.jpg 1.145138 -0.110796 -1.062254 -0.102826 0.969771 -0.218192 -0.036933
frame_000320.jpg 1.130529 -0.129345 -1.247644 -0.104053 0.970315 -0.215733 -0.033475
frame_000330.jpg 1.119081 -0.153281 -1.427589 -0.103533 0.970111 -0.217005 -0.032764
frame_000340.jpg 1.117134 -0.173594 -1.608044 -0.105950 0.969593 -0.218552 -0.029986
frame_000350.jpg 1.091657 -0.204216 -1.797550 -0.104938 0.969486 -0.218790 -0.034877
frame_000360.jpg 1.087563 -0.232718 -1.972987 -0.104211 0.969412 -0.219566 -0.034215
frame_000370.jpg 1.095292 -0.254997 -2.125404 -0.104212 0.969364 -0.220480 -0.029357
frame_000380.jpg 1.070127 -0.284670 -2.295863 -0.103269 0.969364 -0.220426 -0.032881
frame_000390.jpg 1.142289 -0.297290 -2.423257 -0.102487 0.969482 -0.222140 -0.015981
frame_000400.jpg 1.156728 -0.309736 -2.564491 -0.100657 0.970162 -0.220300 -0.011015
frame_000410.jpg 1.136673 -0.347828 -2.730252 -0.099332 0.969850 -0.222170 -0.012795
frame_000420.jpg 1.044261 -0.357358 -2.933708 -0.100562 0.970503 -0.217416 -0.027212
frame_000430.jpg 0.990429 -0.388527 -3.096194 -0.100888 0.970033 -0.218041 -0.036278
frame_000440.jpg 0.931711 -0.403645 -3.249437 -0.102718 0.969713 -0.216765 -0.046035
frame_000450.jpg 1.048741 -0.416548 -3.348523 -0.104268 0.969419 -0.220215 -0.029341
frame_000460.jpg 1.086390 -0.436988 -3.455271 -0.105869 0.969148 -0.221459 -0.022356
frame_000470.jpg 1.030369 -0.461484 -3.597819 -0.105615 0.968924 -0.221633 -0.030163
frame_000480.jpg 1.176311 -0.460504 -3.679062 -0.103477 0.969447 -0.222236 -0.008683
frame_000490.jpg 1.210218 -0.486405 -3.787312 -0.101921 0.969372 -0.223417 -0.004007
frame_000500.jpg 1.210368 -0.506879 -3.902543 -0.104387 0.968844 -0.224540 -0.005079
frame_000510.jpg 1.238903 -0.511635 -3.996201 -0.102936 0.969020 -0.224507 -0.000738
frame_000520.jpg 1.380588 -0.521860 -4.052632 -0.100525 0.968767 -0.226022 0.017281
frame_000530.jpg 1.597059 -0.512260 -4.083810 -0.095228 0.968366 -0.226312 0.044517
frame_000540.jpg 1.913400 -0.488840 -4.032001 -0.090117 0.965939 -0.227419 0.084388
frame_000550.jpg 2.359273 -0.463037 -3.869867 -0.082288 0.959047 -0.231573 0.140827
frame_000560.jpg 2.897767 -0.462840 -3.556145 -0.071944 0.944632 -0.237924 0.214212
frame_000570.jpg 3.452646 -0.397524 -3.062618 -0.059253 0.922436 -0.239538 0.297022
frame_000580.jpg 3.969860 -0.305037 -2.450005 -0.049015 0.889852 -0.239488 0.385236
frame_000590.jpg 4.336193 -0.202252 -1.773558 -0.037160 0.850166 -0.238040 0.468160
frame_000600.jpg 4.516671 -0.149738 -1.345496 -0.030838 0.822249 -0.236842 0.516586
frame_000610.jpg 4.603409 -0.110331 -0.932438 -0.022396 0.792548 -0.235202 0.562180
frame_000620.jpg 4.649564 -0.059364 -0.567036 -0.015938 0.765132 -0.235032 0.599233
frame_000630.jpg 4.678671 -0.002014 -0.202106 -0.012510 0.734676 -0.232098 0.637358
frame_000640.jpg 4.662650 0.048346 0.138756 -0.006337 0.704821 -0.228130 0.671673
frame_000650.jpg 4.643396 0.073603 0.155517 -0.005777 0.698307 -0.225833 0.679215
frame_000660.jpg 4.635547 0.046883 0.056568 -0.005599 0.698037 -0.226316 0.679333
frame_000670.jpg 4.625444 0.045973 0.070631 -0.002426 0.689343 -0.223755 0.689009
frame_000680.jpg 4.600015 0.061447 0.135273 0.001943 0.677602 -0.220232 0.701676
frame_000690.jpg 4.593181 0.090518 0.211434 0.002418 0.664220 -0.217113 0.715309
frame_000700.jpg 4.586278 0.075744 0.089346 0.002065 0.666577 -0.216814 0.713206
frame_000710.jpg 4.597406 0.024241 -0.100260 0.001286 0.671872 -0.220561 0.707064
frame_000720.jpg 4.585172 0.024976 -0.168280 0.000726 0.668839 -0.220047 0.710093
frame_000730.jpg 4.594375 0.027451 -0.262196 -0.000324 0.668833 -0.220437 0.709979
frame_000740.jpg 4.624748 0.030907 -0.376104 -0.001476 0.669048 -0.218048 0.710512
frame_000750.jpg 4.629425 -0.014567 -0.548865 -0.001484 0.674309 -0.219378 0.705108
frame_000760.jpg 4.629831 -0.016347 -0.656825 -0.001356 0.675529 -0.218253 0.704290
frame_000770.jpg 4.651956 -0.008151 -0.655496 0.000555 0.667163 -0.214953 0.713224
frame_000780.jpg 4.678161 0.006725 -0.513724 0.004548 0.648576 -0.212348 0.730915
frame_000790.jpg 4.689964 0.073868 -0.245290 0.007435 0.621366 -0.207032 0.755637
frame_000800.jpg 4.695098 0.055830 -0.050292 0.015562 0.597854 -0.203915 0.775079
frame_000810.jpg 4.687724 0.077603 0.339922 0.021399 0.557374 -0.199274 0.805709
frame_000820.jpg 4.573065 0.144613 0.944232 0.032431 0.499656 -0.189539 0.844611
frame_000830.jpg 4.264410 0.282184 1.787759 0.042923 0.414157 -0.171716 0.892830
frame_000840.jpg 3.867373 0.358427 2.463236 0.054680 0.335267 -0.157170 0.927310
frame_000850.jpg 3.451341 0.449814 3.008769 0.062420 0.263731 -0.141860 0.952064
frame_000860.jpg 3.126255 0.495371 3.327624 0.068474 0.215160 -0.130183 0.965438
frame_000870.jpg 2.637293 0.545081 3.710374 0.075814 0.151139 -0.115300 0.978834
frame_000880.jpg 1.740891 0.593736 4.158355 0.086267 0.051328 -0.094785 0.990424
frame_000890.jpg 1.451668 0.613404 4.210390 0.088502 0.020446 -0.086420 0.992109
frame_000900.jpg 1.442828 0.619013 4.114844 0.086510 0.017555 -0.085096 0.992455
frame_000910.jpg 1.502244 0.591307 4.007364 0.087586 0.021547 -0.085745 0.992226
frame_000920.jpg 1.396257 0.592600 3.943116 0.087941 0.006682 -0.081404 0.992771
frame_000930.jpg 1.475193 0.560761 3.815411 0.088739 0.013878 -0.084091 0.992402
frame_000940.jpg 1.206739 0.533285 3.775963 0.094364 -0.018029 -0.076152 0.992457
frame_000950.jpg 1.171398 0.502834 3.650796 0.096350 -0.024093 -0.075078 0.992219
frame_000960.jpg 1.422260 0.471036 3.435913 0.093972 0.005486 -0.083995 0.992010
frame_000970.jpg 1.311944 0.457777 3.345771 0.095481 -0.010666 -0.080425 0.992120
frame_000980.jpg 1.257901 0.441962 3.238948 0.095618 -0.018565 -0.079679 0.992050
frame_000990.jpg 1.195633 0.426939 3.121778 0.096595 -0.026569 -0.077574 0.991940
frame_001000.jpg 1.242172 0.414741 2.938451 0.094569 -0.017893 -0.080640 0.992086
frame_001010.jpg 1.261223 0.418144 2.800810 0.090909 -0.016339 -0.080111 0.992497
frame_001020.jpg 1.221505 0.397186 2.674778 0.092536 -0.023651 -0.077996 0.992368
frame_001030.jpg 1.226255 0.377324 2.532465 0.092537 -0.026434 -0.078916 0.992225
frame_001040.jpg 1.188548 0.349267 2.389985 0.094854 -0.033758 -0.076802 0.991950
frame_001050.jpg 1.275309 0.339837 2.199079 0.091481 -0.017423 -0.078576 0.992549
frame_001060.jpg 1.338972 0.311078 2.013270 0.090931 -0.003741 -0.081660 0.992496
frame_001070.jpg 1.356019 0.275190 1.862858 0.093015 -0.000139 -0.084841 0.992043
frame_001080.jpg 1.250385 0.258992 1.786511 0.096395 -0.023015 -0.079859 0.991867
frame_001090.jpg 1.295463 0.253581 1.614709 0.091642 -0.010585 -0.081398 0.992403
frame_001100.jpg 1.322827 0.226618 1.457398 0.090691 -0.005797 -0.084413 0.992278
frame_001110.jpg 1.303871 0.206783 1.324031 0.091411 -0.011220 -0.083165 0.992271
frame_001120.jpg 1.219193 0.204233 1.228112 0.093324 -0.036881 -0.074076 0.992191
frame_001130.jpg 1.218979 0.181095 1.060895 0.095336 -0.038657 -0.071653 0.992110
frame_001140.jpg 1.296736 0.143707 0.822307 0.091746 -0.011637 -0.080686 0.992440
frame_001150.jpg 1.343409 0.112611 0.602596 0.092884 0.008576 -0.083904 0.992098
frame_001160.jpg 1.345982 0.085313 0.462840 0.094045 0.005390 -0.084226 0.991984
frame_001170.jpg 1.335657 0.076483 0.320086 0.091765 0.001313 -0.082442 0.992361
frame_001180.jpg 1.320052 0.043760 0.172228 0.093755 -0.006839 -0.084029 0.992019
frame_001190.jpg 1.340658 0.014018 -0.033752 0.091849 0.008670 -0.090371 0.991626
frame_001200.jpg 1.338371 0.000315 -0.158479 0.091624 -0.005502 -0.084620 0.992177
frame_001210.jpg 1.338558 -0.013423 -0.277093 0.091442 -0.015669 -0.081667 0.992332
frame_001220.jpg 1.338872 -0.035579 -0.401382 0.089420 -0.026950 -0.081784 0.992265
frame_001230.jpg 1.329294 -0.054739 -0.586684 0.089598 -0.020194 -0.079790 0.992571
frame_001240.jpg 1.305923 -0.076995 -0.807551 0.090294 -0.003687 -0.081225 0.992591
frame_001250.jpg 1.325416 -0.098684 -0.962391 0.092537 -0.010797 -0.080064 0.992426
frame_001260.jpg 1.347363 -0.113339 -1.122875 0.093204 -0.013411 -0.077881 0.992506
frame_001270.jpg 1.342302 -0.143019 -1.313872 0.091160 -0.010751 -0.079691 0.992584
frame_001280.jpg 1.342875 -0.163994 -1.518143 0.094273 -0.004175 -0.081568 0.992190
frame_001290.jpg 1.351480 -0.191903 -1.690721 0.093681 -0.004862 -0.082790 0.992142
frame_001300.jpg 1.354753 -0.223544 -1.864432 0.091478 -0.004740 -0.082946 0.992335
frame_001310.jpg 1.342900 -0.256587 -2.051081 0.093150 -0.004472 -0.087145 0.991821
frame_001320.jpg 1.382292 -0.265640 -2.212455 0.097089 -0.019044 -0.085222 0.991437
frame_001330.jpg 1.369328 -0.297669 -2.416101 0.094064 -0.015845 -0.084213 0.991872
frame_001340.jpg 1.296237 -0.350509 -2.655405 0.090126 -0.001106 -0.089729 0.991879
frame_001350.jpg 1.242295 -0.358657 -2.886836 0.094527 0.008867 -0.094454 0.990992
frame_001360.jpg 1.302850 -0.376723 -3.038403 0.095819 -0.003996 -0.091352 0.991190
frame_001370.jpg 1.287669 -0.425313 -3.228733 0.092092 -0.003798 -0.093623 0.991332
frame_001380.jpg 1.320489 -0.451181 -3.408902 0.093096 -0.008570 -0.093185 0.991250
frame_001390.jpg 1.426021 -0.459779 -3.559608 0.096384 -0.022560 -0.088613 0.991135
frame_001400.jpg 1.397962 -0.473788 -3.768068 0.097733 -0.017116 -0.088629 0.991111
frame_001410.jpg 1.258608 -0.520789 -3.992731 0.092410 0.002938 -0.092046 0.991453
frame_001420.jpg 1.382165 -0.538175 -4.137828 0.093051 -0.008012 -0.087628 0.991765
frame_001430.jpg 1.544323 -0.563091 -4.240058 0.093385 -0.025927 -0.084778 0.991675
frame_001440.jpg 1.540605 -0.597886 -4.413228 0.091985 -0.023849 -0.085692 0.991780
frame_001450.jpg 1.429934 -0.609767 -4.622248 0.091248 -0.009928 -0.085114 0.992135
frame_001460.jpg 1.718551 -0.620123 -4.670851 0.093198 -0.039260 -0.076722 0.991910
frame_001470.jpg 2.282228 -0.578928 -4.579639 0.100686 -0.096849 -0.061205 0.988300
frame_001480.jpg 2.994686 -0.504508 -4.278109 0.108443 -0.173716 -0.040847 0.977954
frame_001490.jpg 3.859196 -0.420142 -3.611097 0.115656 -0.279112 -0.015481 0.953142
frame_001500.jpg 4.483242 -0.305744 -2.810245 0.121916 -0.374185 0.009443 0.919256
frame_001510.jpg 5.020726 -0.107850 -1.554471 0.130080 -0.496724 0.044464 0.856952
frame_001520.jpg 5.140714 -0.020985 -0.887328 0.135620 -0.560973 0.059036 0.814513
frame_001530.jpg 5.095598 -0.067957 -1.243927 0.137934 -0.544050 0.050635 0.826087
frame_001540.jpg 5.198257 -0.013224 -0.695408 0.137843 -0.595569 0.065743 0.788654
frame_001550.jpg 5.246469 0.036161 -0.293932 0.139698 -0.634660 0.076692 0.756181
frame_001560.jpg 5.260210 0.079324 -0.043747 0.140114 -0.663244 0.086455 0.730069
frame_001570.jpg 5.259584 0.023193 -0.292450 0.136848 -0.659794 0.085202 0.733952
frame_001580.jpg 5.256764 0.020513 -0.267325 0.136224 -0.674326 0.090027 0.720155
frame_001590.jpg 5.264081 -0.015071 -0.290443 0.133363 -0.686881 0.092145 0.708462
frame_001600.jpg 5.277985 0.032012 -0.305710 0.135767 -0.697161 0.100211 0.696772
frame_001610.jpg 5.285228 -0.014099 -0.458417 0.137028 -0.700076 0.095868 0.694209
frame_001620.jpg 5.292541 -0.006038 -0.439232 0.137852 -0.712400 0.099980 0.680799
frame_001630.jpg 5.305473 0.019382 -0.250668 0.139634 -0.733623 0.104931 0.656726
frame_001640.jpg 5.265319 0.131267 0.524557 0.137764 -0.784854 0.125498 0.590995
frame_001650.jpg 5.041063 0.260289 1.430687 0.138203 -0.837387 0.144365 0.508765
frame_001660.jpg 4.573511 0.394648 2.359978 -0.134956 0.883762 -0.166396 -0.416010
frame_001670.jpg 3.714718 0.528497 3.376422 -0.128048 0.928218 -0.188690 -0.293958
frame_001680.jpg 2.668436 0.604153 4.098215 -0.117215 0.956135 -0.206664 -0.171339
frame_001690.jpg 2.002269 0.639889 4.346171 -0.111136 0.964646 -0.217083 -0.099909
frame_001700.jpg 1.788589 0.648216 4.327710 -0.109357 0.966081 -0.221090 -0.076467
frame_001710.jpg 1.694917 0.632736 4.241911 -0.107272 0.966734 -0.222560 -0.066221
frame_001720.jpg 1.541795 0.610648 4.179742 -0.106709 0.967742 -0.222851 -0.049247
frame_001730.jpg 1.264985 0.588573 4.150549 -0.103353 0.968805 -0.224631 -0.016597
frame_001740.jpg 1.163481 0.570701 4.063375 -0.102988 0.968974 -0.224649 -0.004078
frame_001750.jpg 1.080624 0.542020 3.951036 -0.104061 0.969097 -0.223560 0.006548
frame_001760.jpg 1.132854 0.532375 3.803326 -0.104190 0.968902 -0.224441 -0.000111
frame_001770.jpg 1.027051 0.528585 3.700460 -0.102579 0.968321 -0.227283 0.013236
frame_001780.jpg 0.946848 0.517487 3.597287 -0.103332 0.967825 -0.227996 0.025599
frame_001790.jpg 0.936005 0.514217 3.473254 -0.104413 0.967321 -0.229369 0.027880
frame_001800.jpg 1.094079 0.524051 3.293067 -0.107779 0.966718 -0.231962 0.005837
frame_001810.jpg 1.100389 0.496295 3.160542 -0.106132 0.967223 -0.230621 0.005435
frame_001820.jpg 1.041546 0.483335 3.040208 -0.106783 0.966822 -0.231555 0.015328
frame_001830.jpg 1.018917 0.470505 2.918388 -0.108527 0.966364 -0.232183 0.021296
frame_001840.jpg 1.103897 0.446307 2.746122 -0.110014 0.966792 -0.230525 0.008285
frame_001850.jpg 1.176981 0.414344 2.559722 -0.110747 0.967277 -0.228224 -0.004926
frame_001860.jpg 1.161427 0.384638 2.405923 -0.111699 0.967631 -0.226298 -0.001397
frame_001870.jpg 1.103876 0.374664 2.274295 -0.112725 0.967041 -0.228013 0.011632
frame_001880.jpg 1.147775 0.353910 2.098846 -0.111835 0.967155 -0.228235 0.003542
frame_001890.jpg 1.173336 0.332802 1.926675 -0.113029 0.967053 -0.228101 -0.001918
frame_001900.jpg 1.237979 0.301802 1.726649 -0.115501 0.967326 -0.225012 -0.017573
frame_001910.jpg 1.214646 0.293802 1.593610 -0.116658 0.966713 -0.227595 -0.007617
frame_001920.jpg 1.262821 0.265105 1.399382 -0.116793 0.966780 -0.226537 -0.019397
frame_001930.jpg 1.222598 0.230613 1.275354 -0.114314 0.967961 -0.223418 -0.008295
frame_001940.jpg 1.204803 0.198840 1.139466 -0.114823 0.969084 -0.218335 -0.004651
frame_001950.jpg 1.217354 0.189895 0.965377 -0.116360 0.968193 -0.221066 -0.013884
frame_001960.jpg 1.211098 0.174870 0.810448 -0.117111 0.967527 -0.223732 -0.010941
frame_001970.jpg 1.224980 0.157359 0.649874 -0.118099 0.967543 -0.223172 -0.010400
frame_001980.jpg 1.232258 0.126378 0.472080 -0.118225 0.967831 -0.221351 -0.018135
frame_001990.jpg 1.221690 0.106061 0.317667 -0.117856 0.968285 -0.219560 -0.018118
frame_002000.jpg 1.218272 0.075734 0.171204 -0.115111 0.968607 -0.219650 -0.017451
frame_002010.jpg 1.197138 0.048175 0.070533 -0.107023 0.968951 -0.222884 -0.001761
frame_002020.jpg 1.171420 0.035546 -0.051822 -0.105839 0.969249 -0.222023 0.007779
frame_002030.jpg 1.165891 0.010592 -0.199871 -0.104088 0.969007 -0.223922 0.007109
frame_002040.jpg 1.168605 -0.019502 -0.386789 -0.105750 0.969152 -0.221908 -0.017822
frame_002050.jpg 1.184610 -0.035569 -0.499755 -0.103128 0.968865 -0.224983 -0.006883
frame_002060.jpg 1.194985 -0.055063 -0.624864 -0.101881 0.969060 -0.224819 0.000036
frame_002070.jpg 1.196673 -0.061320 -0.767644 -0.105910 0.968350 -0.226004 0.001636
frame_002080.jpg 1.170083 -0.088862 -0.959403 -0.105459 0.969339 -0.221761 -0.009111
frame_002090.jpg 1.138610 -0.107000 -1.138916 -0.107695 0.969609 -0.218842 -0.019191
frame_002100.jpg 1.173595 -0.118948 -1.263658 -0.105620 0.969878 -0.219498 -0.000733
frame_002110.jpg 1.182992 -0.141413 -1.432936 -0.106186 0.969508 -0.220856 0.000758
frame_002120.jpg 1.164572 -0.176005 -1.611661 -0.106931 0.968859 -0.223278 -0.004966
frame_002130.jpg 1.119663 -0.208192 -1.804385 -0.107543 0.968880 -0.222135 -0.019011
frame_002140.jpg 1.164978 -0.227961 -1.933398 -0.105877 0.968783 -0.224016 -0.008147
frame_002150.jpg 1.208769 -0.238541 -2.072754 -0.105692 0.968855 -0.223929 0.002294
frame_002160.jpg 1.201346 -0.269615 -2.232402 -0.105099 0.968816 -0.224381 -0.001508
frame_002170.jpg 1.232406 -0.282906 -2.370248 -0.104987 0.968778 -0.224572 0.003860
frame_002180.jpg 1.239995 -0.309420 -2.521510 -0.102458 0.969104 -0.224307 0.005109
frame_002190.jpg 1.229985 -0.336824 -2.668459 -0.103622 0.968427 -0.226688 0.004882
frame_002200.jpg 1.417038 -0.322628 -2.747262 -0.100581 0.968470 -0.224764 0.037822
frame_002210.jpg 1.357204 -0.355585 -2.949491 -0.101394 0.968880 -0.224721 0.022173
frame_002220.jpg 1.168771 -0.387151 -3.188125 -0.104888 0.969452 -0.221505 -0.009877
frame_002230.jpg 1.313335 -0.393144 -3.304365 -0.105156 0.969003 -0.223154 0.013299
frame_002240.jpg 1.326064 -0.421381 -3.462477 -0.105028 0.968560 -0.225068 0.014319
frame_002250.jpg 1.337587 -0.424653 -3.604865 -0.105572 0.968927 -0.223211 0.014541
frame_002260.jpg 1.313120 -0.453375 -3.758758 -0.107390 0.968641 -0.223849 0.009664
frame_002270.jpg 1.272497 -0.476301 -3.898474 -0.108032 0.968533 -0.224186 0.003603
frame_002280.jpg 1.325608 -0.500288 -4.003649 -0.106328 0.968390 -0.225411 0.010246
frame_002290.jpg 1.601052 -0.489635 -4.027775 -0.102412 0.967412 -0.227104 0.045278
frame_002300.jpg 1.939850 -0.486351 -3.995368 -0.094805 0.964874 -0.228928 0.087302
frame_002310.jpg 2.356050 -0.450286 -3.870223 -0.088657 0.958278 -0.232628 0.140453
frame_002320.jpg 2.844295 -0.419011 -3.599160 -0.080109 0.946368 -0.235014 0.206735
frame_002330.jpg 3.350147 -0.361166 -3.178245 -0.068214 0.927958 -0.236862 0.279532
frame_002340.jpg 3.653732 -0.324855 -2.820914 -0.060224 0.910713 -0.238702 0.331655
frame_002350.jpg 4.232962 -0.191239 -1.815720 -0.040159 0.857747 -0.236449 0.454697
frame_002360.jpg 4.442484 -0.119062 -1.227018 -0.029335 0.820034 -0.234148 0.521400
frame_002370.jpg 4.537620 -0.065631 -0.888363 -0.023927 0.795074 -0.231907 0.559914
frame_002380.jpg 4.597927 -0.041236 -0.660696 -0.020995 0.775376 -0.231723 0.587074
frame_002390.jpg 4.639295 0.013445 -0.341299 -0.016782 0.749911 -0.230717 0.619775
frame_002400.jpg 4.653004 0.052502 -0.135198 -0.014565 0.729607 -0.229596 0.644009
frame_002410.jpg 4.650404 0.071470 -0.085756 -0.013266 0.718352 -0.227027 0.657460
frame_002420.jpg 4.631472 0.067092 -0.172124 -0.013395 0.715944 -0.226199 0.660363
frame_002430.jpg 4.619303 0.037168 -0.252708 -0.012051 0.711819 -0.226083 0.664872
frame_002440.jpg 4.626877 0.064498 -0.187518 -0.007412 0.698497 -0.220762 0.680670
frame_002450.jpg 4.632854 0.081025 -0.223177 -0.006350 0.691157 -0.217874 0.689052
frame_002460.jpg 4.627354 0.062249 -0.275963 -0.005690 0.685352 -0.218072 0.694769
frame_002470.jpg 4.610544 0.019439 -0.564270 -0.009027 0.696832 -0.221431 0.682138
frame_002480.jpg 4.627316 0.042069 -0.531836 -0.008510 0.683988 -0.219347 0.695683
frame_002490.jpg 4.638539 0.057476 -0.630432 -0.008285 0.683420 -0.215564 0.697424
frame_002500.jpg 4.672842 0.026705 -0.742966 -0.007221 0.681059 -0.214980 0.699922
frame_002510.jpg 4.725977 0.023847 -0.782849 -0.005992 0.673704 -0.212829 0.707666
frame_002520.jpg 4.728882 0.013624 -0.844103 -0.002530 0.669323 -0.211599 0.712198
frame_002530.jpg 4.778537 0.057824 -0.424236 0.006001 0.628902 -0.205188 0.749896
frame_002540.jpg 4.691487 0.022924 0.232418 0.014014 0.573025 -0.199746 0.794700
frame_002550.jpg 4.573691 0.253621 1.133202 0.029020 0.485295 -0.180932 0.854933
frame_002560.jpg 4.116509 0.366898 2.097325 0.044371 0.381362 -0.162497 0.908949
frame_002570.jpg 3.549826 0.504502 2.927967 0.056222 0.280785 -0.139740 0.947877
frame_002580.jpg 2.646236 0.548532 3.572483 0.072160 0.165889 -0.118138 0.976380
frame_002590.jpg 1.956507 0.578213 3.877852 0.080917 0.084971 -0.100284 0.988016
frame_002600.jpg 1.635583 0.602219 3.916659 0.082918 0.047710 -0.089733 0.991361
frame_002610.jpg 1.661428 0.583586 3.818505 0.084102 0.047312 -0.088944 0.991351
frame_002620.jpg 1.638405 0.576958 3.750906 0.084563 0.041994 -0.086906 0.991732
frame_002630.jpg 1.398592 0.536170 3.749388 0.091573 0.013851 -0.082248 0.992299
frame_002640.jpg 1.166344 0.538081 3.711679 0.093147 -0.013491 -0.074906 0.992739
frame_002650.jpg 1.137092 0.512218 3.598618 0.094573 -0.019575 -0.074443 0.992538
frame_002660.jpg 1.227816 0.481540 3.439994 0.094901 -0.011758 -0.076809 0.992449
frame_002670.jpg 1.198144 0.473251 3.338241 0.094814 -0.018633 -0.075722 0.992436
frame_002680.jpg 1.294436 0.435603 3.171309 0.095580 -0.006123 -0.079202 0.992247
frame_002690.jpg 1.288501 0.430779 3.035622 0.093713 -0.007433 -0.078676 0.992458
frame_002700.jpg 1.366068 0.400414 2.865850 0.092904 0.004546 -0.083970 0.992118
frame_002710.jpg 1.343033 0.413832 2.745247 0.089037 0.000721 -0.080458 0.992773
frame_002720.jpg 1.266778 0.388263 2.634071 0.091304 -0.010735 -0.079535 0.992584
frame_002730.jpg 1.332178 0.381363 2.463619 0.087240 -0.001498 -0.081598 0.992839
frame_002740.jpg 1.321363 0.343436 2.333639 0.091826 -0.004259 -0.079833 0.992561
frame_002750.jpg 1.368398 0.332311 2.161069 0.088749 0.006359 -0.082800 0.992586
frame_002760.jpg 1.362391 0.318469 2.024775 0.089234 0.005145 -0.079828 0.992793
frame_002770.jpg 1.342574 0.288292 1.918361 0.091587 -0.000703 -0.081640 0.992445
frame_002780.jpg 1.316531 0.273681 1.798954 0.092288 -0.005510 -0.079945 0.992503
frame_002790.jpg 1.304180 0.256115 1.656539 0.092503 -0.006688 -0.078984 0.992552
frame_002800.jpg 1.317408 0.228736 1.501188 0.093425 -0.003701 -0.080682 0.992345
frame_002810.jpg 1.304637 0.221202 1.368502 0.090019 -0.008147 -0.080993 0.992608
frame_002820.jpg 1.296001 0.201217 1.236358 0.091757 -0.012650 -0.078957 0.992566
frame_002830.jpg 1.287389 0.183492 1.085991 0.091653 -0.016181 -0.077389 0.992647
frame_002840.jpg 1.358225 0.156661 0.840900 0.090351 0.014426 -0.081685 0.992450
frame_002850.jpg 1.366328 0.126111 0.667195 0.090655 0.020127 -0.085129 0.992033
frame_002860.jpg 1.355011 0.103666 0.515255 0.092914 0.016679 -0.083139 0.992057
frame_002870.jpg 1.359561 0.082981 0.359190 0.093004 0.016181 -0.084772 0.991918
frame_002880.jpg 1.360153 0.051756 0.169260 0.091261 0.020868 -0.086496 0.991844
frame_002890.jpg 1.335638 0.028399 0.030821 0.093090 0.004604 -0.084950 0.992016
frame_002900.jpg 1.324862 0.012048 -0.095629 0.094660 -0.012468 -0.080941 0.992135
frame_002910.jpg 1.322595 -0.005246 -0.236889 0.091854 -0.022382 -0.077465 0.992502
frame_002920.jpg 1.334913 -0.034650 -0.420657 0.089914 -0.020268 -0.080016 0.992523
frame_002930.jpg 1.342032 -0.049075 -0.588991 0.090865 -0.021216 -0.076729 0.992676
frame_002940.jpg 1.326444 -0.074235 -0.794566 0.091698 -0.011235 -0.077878 0.992673
frame_002950.jpg 1.313317 -0.093462 -1.011911 0.091401 0.004357 -0.079792 0.992603
frame_002960.jpg 1.309685 -0.114077 -1.185186 0.090759 0.005119 -0.078042 0.992797
frame_002970.jpg 1.291431 -0.143480 -1.365652 0.091987 0.003387 -0.080349 0.992507
frame_002980.jpg 1.281875 -0.169677 -1.558060 0.093444 0.005590 -0.081699 0.992251
frame_002990.jpg 1.281950 -0.193175 -1.740136 0.094191 0.006460 -0.083970 0.991986
frame_003000.jpg 1.282815 -0.228348 -1.918134 0.090543 0.005180 -0.083049 0.992410
frame_003010.jpg 1.276718 -0.246585 -2.102235 0.094252 0.001305 -0.085881 0.991836
frame_003020.jpg 1.276867 -0.277412 -2.266230 0.094738 -0.004033 -0.086457 0.991733
frame_003030.jpg 1.264297 -0.301688 -2.446795 0.092725 -0.000324 -0.085645 0.992001
frame_003040.jpg 1.272056 -0.339183 -2.612375 0.090384 -0.001105 -0.086119 0.992176
frame_003050.jpg 1.240940 -0.343327 -2.821282 0.095721 0.004962 -0.089572 0.991358
frame_003060.jpg 1.179059 -0.371608 -3.031614 0.094590 0.014062 -0.092761 0.991085
frame_003070.jpg 1.225150 -0.406402 -3.188391 0.093314 0.005985 -0.090573 0.991490
frame_003080.jpg 1.270677 -0.444880 -3.351453 0.092377 -0.001989 -0.091056 0.991550
frame_003090.jpg 1.318104 -0.452276 -3.539770 0.095779 -0.009498 -0.089186 0.991354
frame_003100.jpg 1.287054 -0.474490 -3.751425 0.095841 -0.003566 -0.090155 0.991299
frame_003110.jpg 1.174646 -0.502385 -3.964580 0.093608 0.012657 -0.092384 0.991233
frame_003120.jpg 1.199873 -0.543587 -4.114044 0.091008 0.010475 -0.092214 0.991516
frame_003130.jpg 1.337216 -0.562444 -4.240242 0.091857 -0.004365 -0.086478 0.992000
frame_003140.jpg 1.443568 -0.580130 -4.369401 0.093453 -0.015590 -0.084689 0.991893
frame_003150.jpg 1.425773 -0.593413 -4.533673 0.093293 -0.011588 -0.083775 0.992040
frame_003160.jpg 1.633497 -0.599564 -4.607773 0.094486 -0.031770 -0.078235 0.991939
frame_003170.jpg 2.072469 -0.587819 -4.577031 0.097985 -0.075946 -0.063546 0.990249
frame_003180.jpg 2.928996 -0.481431 -4.236725 0.110187 -0.168515 -0.040714 0.978675
frame_003190.jpg 3.699303 -0.414226 -3.696617 0.116902 -0.262420 -0.017616 0.957684
frame_003200.jpg 4.162664 -0.328948 -3.212659 0.122427 -0.328672 -0.000510 0.936475
frame_003210.jpg 4.687939 -0.193596 -2.389512 0.129363 -0.421585 0.024797 0.897172
frame_003220.jpg 5.046281 -0.037275 -1.428784 0.136970 -0.514564 0.050698 0.844922
frame_003230.jpg 5.097131 -0.024633 -1.195720 0.139148 -0.542707 0.054895 0.826495
frame_003240.jpg 5.153383 -0.007218 -0.974823 0.139820 -0.568986 0.061440 0.808041
frame_003250.jpg 5.215632 0.061174 -0.513468 0.142061 -0.612772 0.074668 0.773791
frame_003260.jpg 5.229510 0.114026 -0.077564 0.143599 -0.653114 0.084929 0.738653
frame_003270.jpg 5.211623 0.132536 0.173382 0.142279 -0.679799 0.093390 0.713378
frame_003280.jpg 5.221158 0.113683 -0.018270 0.141743 -0.676891 0.093896 0.716178
frame_003290.jpg 5.238370 0.058498 -0.235206 0.139619 -0.672627 0.090775 0.720999
frame_003300.jpg 5.248999 0.041597 -0.266386 0.138866 -0.681442 0.092626 0.712583
frame_003310.jpg 5.259159 0.034377 -0.311458 0.138152 -0.690253 0.095950 0.703746
frame_003320.jpg 5.269011 0.034035 -0.307502 0.137272 -0.701917 0.100553 0.691634
frame_003330.jpg 5.275160 0.056105 -0.203619 0.139921 -0.718934 0.104590 0.672768
frame_003340.jpg 5.275537 0.084472 -0.021145 0.140000 -0.739502 0.111666 0.648897
frame_003350.jpg 5.276512 0.098947 0.124980 0.143534 -0.757729 0.113335 0.626418
frame_003360.jpg 5.271477 0.136073 0.383265 0.143646 -0.780234 0.121421 0.596539
frame_003370.jpg 5.117887 0.260401 1.164210 0.141393 -0.826304 0.142963 0.526110
frame_003380.jpg 4.785315 0.281223 1.971978 -0.132859 0.869463 -0.155509 -0.449665
frame_003390.jpg 4.282380 0.355447 2.829944 -0.121401 0.908618 -0.173725 -0.359853
frame_003400.jpg 3.881912 0.399323 3.315859 -0.120274 0.929158 -0.180040 -0.299643
frame_003410.jpg 3.365399 0.500515 3.806105 -0.114802 0.946127 -0.195239 -0.231400
frame_003420.jpg 3.045217 0.549415 4.047867 -0.113317 0.953716 -0.201577 -0.192229
frame_003430.jpg 2.544689 0.596310 4.318625 -0.110987 0.961496 -0.209159 -0.139501
frame_003440.jpg 1.354158 0.668770 4.711595 -0.102347 0.968831 -0.224434 -0.022815
frame_003450.jpg 1.141063 0.639918 4.655952 -0.100388 0.969332 -0.224295 -0.003213
frame_003460.jpg 1.319928 0.655386 4.514527 -0.103894 0.968461 -0.225467 -0.021287
frame_003470.jpg 1.330261 0.654548 4.425781 -0.105908 0.968137 -0.225962 -0.020856
frame_003480.jpg 1.216860 0.650450 4.364396 -0.101922 0.968158 -0.228532 -0.007471
frame_003490.jpg 1.116310 0.627485 4.308477 -0.101938 0.968316 -0.227913 0.005299
frame_003500.jpg 1.092996 0.607712 4.232306 -0.102334 0.968424 -0.227175 0.008601
frame_003510.jpg 1.142117 0.549345 4.149807 -0.103720 0.969763 -0.220878 0.003773
frame_003520.jpg 1.153479 0.570605 4.065039 -0.108780 0.968789 -0.222700 0.004472
frame_003530.jpg 1.035649 0.576311 4.013498 -0.106000 0.967997 -0.226626 0.019648
frame_003540.jpg 1.077806 0.577027 3.904056 -0.107248 0.967753 -0.227440 0.014962
frame_003550.jpg 1.208663 0.565113 3.765093 -0.111693 0.967648 -0.226226 -0.001956
frame_003560.jpg 1.327185 0.543702 3.625401 -0.112577 0.967826 -0.224297 -0.018190
frame_003570.jpg 1.313192 0.517938 3.557449 -0.111064 0.968417 -0.222584 -0.017000
frame_003580.jpg 1.262227 0.530720 3.556105 -0.111384 0.968036 -0.224462 -0.010759
frame_003590.jpg 1.264228 0.529593 3.555526 -0.111128 0.968026 -0.224619 -0.011071
