# name tx ty tz qx qy qz qw
frame_000240.jpg -5.244368 -0.194196 2.313189 0.020961 -0.760425 0.089606 0.642873
frame_000255.jpg -3.546706 -0.223965 1.826266 0.011794 -0.676199 0.093375 0.730682
frame_000270.jpg -3.138414 -0.255373 0.988139 0.013578 -0.668008 0.089360 0.738644
frame_000285.jpg -2.993347 -0.292195 0.291742 0.016268 -0.654277 0.085748 0.751202
frame_000300.jpg -3.023786 -0.299132 -0.242340 0.018124 -0.638480 0.081919 0.765052
frame_000315.jpg -3.000419 -0.347760 -0.893733 0.019917 -0.630892 0.079973 0.771481
frame_000330.jpg -2.921032 -0.333618 -1.492295 0.025425 -0.631269 0.075622 0.771449
frame_000345.jpg -2.794649 -0.348572 -2.058452 0.028514 -0.633397 0.074320 0.769722
frame_000360.jpg -2.762743 -0.342711 -2.262167 0.030695 -0.633594 0.073076 0.769595
frame_000375.jpg -2.828446 -0.339653 -2.220363 0.029293 -0.623842 0.071496 0.777722
frame_000390.jpg -3.342703 -0.344853 -1.935456 0.027493 -0.562294 0.067411 0.823726
frame_000405.jpg -4.226475 -0.326148 -1.089537 0.033083 -0.454656 0.064593 0.887706
frame_000420.jpg -4.876627 -0.321552 -0.003752 0.027085 -0.349520 0.055850 0.934871
frame_000435.jpg -4.708559 -0.269608 0.444197 0.017935 -0.278135 0.044893 0.959325
frame_000450.jpg -4.419788 -0.165402 0.910521 0.014574 -0.220766 0.036254 0.974544
frame_000465.jpg -4.118618 -0.081939 1.318665 0.011251 -0.166984 0.028141 0.985494
frame_000480.jpg -3.774732 -0.006194 1.672075 0.008300 -0.111308 0.020873 0.993532
frame_000495.jpg -3.290050 0.097845 2.119076 0.004089 -0.038109 0.010494 0.999210
frame_000510.jpg -2.691860 0.194713 2.534915 -0.002276 0.040318 -0.000110 0.999184
frame_000525.jpg -2.343462 0.259861 2.714583 -0.005030 0.084700 -0.006592 0.996372
frame_000540.jpg -2.262675 0.261102 2.753119 -0.006306 0.093743 -0.007776 0.995546
frame_000555.jpg -2.266215 0.260660 2.745880 -0.006232 0.094584 -0.007664 0.995468
frame_000570.jpg -1.987112 0.277660 2.656462 -0.007726 0.114174 -0.010699 0.993373
frame_000585.jpg -1.539451 0.257859 2.216783 -0.009738 0.134799 -0.013856 0.990728
frame_000600.jpg -1.248887 0.166007 1.400889 -0.010745 0.141403 -0.015097 0.989779
frame_000615.jpg -1.022485 0.067026 0.571189 -0.011067 0.145427 -0.015978 0.989178
frame_000630.jpg -0.884025 0.009424 0.015958 -0.010546 0.147445 -0.016672 0.988873
frame_000645.jpg -0.715006 -0.078062 -0.621062 -0.011770 0.148702 -0.016767 0.988670
frame_000660.jpg -0.529188 -0.168046 -1.442274 -0.011145 0.151008 -0.017718 0.988311
frame_000675.jpg -0.324543 -0.260018 -2.190423 -0.010578 0.151702 -0.017857 0.988208
frame_000690.jpg -0.142660 -0.351142 -3.058290 -0.009648 0.153965 -0.018560 0.987855
frame_000705.jpg -0.005518 -0.428793 -3.714605 -0.009568 0.156144 -0.018796 0.987509
frame_000720.jpg 0.020791 -0.447417 -3.839619 -0.009629 0.156482 -0.018895 0.987453
frame_000735.jpg 0.052102 -0.466817 -3.921600 -0.010030 0.156414 -0.018723 0.987463
frame_000750.jpg -0.022096 -0.472565 -3.965767 -0.010306 0.164183 -0.019917 0.986175
frame_000765.jpg -0.375815 -0.513851 -4.149457 -0.013782 0.216646 -0.027639 0.975761
frame_000780.jpg -0.985563 -0.575961 -4.310958 -0.020155 0.294644 -0.038184 0.954631
frame_000795.jpg -1.496087 -0.604395 -4.346794 -0.024909 0.358939 -0.047792 0.931804
frame_000810.jpg -2.021635 -0.639227 -4.233265 -0.030340 0.424379 -0.058286 0.903097
frame_000825.jpg -2.478982 -0.651540 -3.990081 -0.035437 0.484764 -0.066875 0.871364
frame_000840.jpg -2.960020 -0.647614 -3.587525 -0.041448 0.555103 -0.077297 0.827145
frame_000855.jpg -3.361896 -0.610449 -3.131047 -0.045673 0.620514 -0.086650 0.778054
frame_000870.jpg -3.505794 -0.570199 -2.674349 -0.050284 0.677736 -0.094402 0.727484
frame_000885.jpg -3.856888 -0.585682 -2.231847 -0.055517 0.725558 -0.101923 0.678303
frame_000900.jpg -3.742390 -0.530737 -1.938003 -0.057310 0.756440 -0.105876 0.642887
frame_000915.jpg -3.557412 -0.648647 -1.965073 -0.061343 0.768412 -0.109528 0.627521
frame_000930.jpg -3.385581 -0.620915 -2.340392 -0.059376 0.768928 -0.109387 0.627103
frame_000945.jpg -3.435021 -0.622467 -3.076659 -0.057472 0.772908 -0.109109 0.622420
frame_000960.jpg -3.198466 -0.817362 -3.830474 -0.061047 0.775406 -0.110885 0.618646
frame_000975.jpg -3.039113 -0.893153 -4.523765 -0.061091 0.779896 -0.111574 0.612847
frame_000990.jpg -3.512232 -1.046237 -5.176674 -0.062140 0.794119 -0.114167 0.593700
frame_001560.jpg -5.496765 -0.423604 1.607217 0.023918 -0.799630 0.101046 0.591447
frame_001575.jpg -4.991262 -0.234230 2.296786 0.019179 -0.758993 0.094698 0.643889
frame_001590.jpg -4.711522 -0.211273 2.674013 0.017482 -0.728287 0.097073 0.678137
frame_001605.jpg -4.408733 -0.138705 2.909579 0.015755 -0.700299 0.095471 0.707261
frame_001620.jpg -3.957694 -0.082282 2.822280 0.013177 -0.681763 0.092353 0.725600
frame_001635.jpg -3.638395 -0.160220 2.269735 0.011670 -0.672589 0.091971 0.734186
frame_001650.jpg -3.585585 -0.190955 1.658888 0.013729 -0.669034 0.089371 0.737712
frame_001665.jpg -3.449266 -0.270236 0.982957 0.014146 -0.668864 0.089014 0.737901
frame_001680.jpg -3.336480 -0.330409 0.246867 0.017038 -0.664564 0.086449 0.742019
frame_001695.jpg -3.220085 -0.375831 -0.379395 0.018425 -0.662298 0.085942 0.744067
frame_001710.jpg -3.139860 -0.381477 -0.905762 0.020644 -0.658668 0.083585 0.747492
frame_001725.jpg -3.053937 -0.383361 -1.495633 0.024498 -0.656384 0.080476 0.749722
frame_001740.jpg -2.948751 -0.278486 -1.857945 0.023877 -0.653048 0.069002 0.753789
frame_001755.jpg -2.905632 -0.312676 -2.104904 0.023713 -0.646578 0.070015 0.759258
frame_001770.jpg -3.038917 -0.266377 -2.328979 0.023705 -0.619154 0.061745 0.782479
frame_001785.jpg -3.402078 -0.548770 -2.480990 0.014499 -0.560191 0.068684 0.825384
frame_001800.jpg -4.279782 -0.535908 -1.672031 0.016466 -0.460068 0.065057 0.885344
frame_001815.jpg -4.913538 -0.599501 -0.222343 0.012489 -0.330254 0.064329 0.941615
frame_001830.jpg -4.705562 -0.266548 0.468987 0.015694 -0.240551 0.038158 0.969759
frame_001845.jpg -4.320448 -0.141048 1.062321 0.011842 -0.167742 0.028314 0.985353
frame_001860.jpg -3.738551 -0.009644 1.676663 0.006789 -0.082515 0.017136 0.996419
frame_001875.jpg -3.065884 0.124796 2.203141 0.000858 0.003508 0.004984 0.999981
frame_001890.jpg -2.640479 0.182209 2.439401 -0.002885 0.051394 -0.001956 0.998672
frame_001905.jpg -2.266494 0.225006 2.531132 -0.006621 0.096405 -0.008035 0.995288
frame_001920.jpg -2.020323 0.232035 2.317600 -0.008313 0.120060 -0.011762 0.992662
frame_001935.jpg -1.812771 0.159096 1.677772 -0.009164 0.125954 -0.013148 0.991907
frame_001950.jpg -1.626578 0.085738 0.928066 -0.009139 0.128617 -0.013855 0.991555
frame_001965.jpg -1.485940 -0.010354 0.242526 -0.009726 0.130066 -0.014413 0.991353
frame_001980.jpg -1.339248 -0.096602 -0.490583 -0.009935 0.129850 -0.014484 0.991378
frame_001995.jpg -1.184864 -0.203522 -1.301502 -0.009893 0.129110 -0.014722 0.991472
frame_002010.jpg -1.037161 -0.297604 -2.099061 -0.009263 0.129337 -0.014732 0.991448
frame_002025.jpg -0.923941 -0.383291 -2.812438 -0.008365 0.131279 -0.015557 0.991188
frame_002040.jpg -0.804472 -0.462225 -3.535017 -0.007725 0.134134 -0.015739 0.990808
frame_002055.jpg -0.707981 -0.546053 -4.218517 -0.007979 0.138239 -0.016215 0.990234
frame_002070.jpg -0.634590 -0.614398 -4.698432 -0.008568 0.142223 -0.016723 0.989656
frame_002085.jpg -0.692572 -0.648218 -4.992842 -0.009084 0.155182 -0.018906 0.987663
frame_002100.jpg -0.975087 -0.687122 -5.080047 -0.011942 0.187815 -0.023394 0.981853
frame_002115.jpg -1.457702 -0.715556 -4.969468 -0.016992 0.247479 -0.032121 0.968212
frame_002130.jpg -1.919671 -0.708326 -4.724631 -0.023318 0.327506 -0.043047 0.943580
frame_002145.jpg -2.224342 -0.693596 -4.450290 -0.029353 0.411611 -0.056340 0.909143
frame_002160.jpg -2.447133 -0.680572 -4.184152 -0.035526 0.486604 -0.067522 0.870285
frame_002175.jpg -2.607456 -0.675611 -3.892719 -0.041542 0.557485 -0.078070 0.825463
frame_002190.jpg -2.822737 -0.616598 -3.417688 -0.047577 0.641622 -0.089973 0.760239
frame_002205.jpg -2.940171 -0.648618 -2.942642 -0.055110 0.712607 -0.101480 0.691994
frame_002220.jpg -3.156772 -0.657246 -2.685529 -0.058894 0.748973 -0.106602 0.651312
frame_002235.jpg -2.932219 -0.678252 -2.691339 -0.059467 0.753206 -0.107682 0.646181
frame_002250.jpg -3.068024 -0.429942 -3.045870 -0.052788 0.768559 -0.106218 0.628687
frame_002265.jpg -3.078792 -0.549125 -3.804762 -0.055408 0.776017 -0.106240 0.619226
frame_002280.jpg -2.937807 -0.944933 -4.554237 -0.062719 0.780742 -0.112302 0.611470
frame_002295.jpg -2.836402 -0.990930 -5.194599 -0.061587 0.785665 -0.112845 0.605147
