1773244725.614878 0.001533600 0.003688474 0.026560502 0.000086976 0.015776245 -0.002719369 0.999871850
1773244725.653857 0.001442555 0.003908369 0.028344491 -0.000179140 0.016084155 -0.002765299 0.999866784
1773244725.681628 0.008123611 0.009580974 0.041314293 0.002680955 0.012733006 -0.002767912 0.999911487
1773244725.715201 0.008317320 0.008969435 0.043198511 0.001753032 0.012667352 -0.002085624 0.999916077
1773244725.752942 0.001900833 0.004675858 0.033918086 -0.000166376 0.016199965 -0.002439337 0.999865770
1773244725.781301 0.006417314 0.008726643 0.044135887 0.001907272 0.014026063 -0.002708919 0.999896169
1773244725.821868 0.001497566 0.004961598 0.037118703 -0.000489544 0.016535789 -0.002443299 0.999860168
1773244725.849508 0.005512811 0.008696044 0.046779305 0.001724120 0.014302853 -0.002699835 0.999892592
1773244725.889798 0.005484357 0.008617959 0.048513725 0.001293644 0.014361719 -0.002475309 0.999892950
1773244725.915277 0.005634132 0.009538217 0.051628452 0.001494687 0.014199433 -0.002770250 0.999894261
1773244725.948743 0.001632482 0.006512855 0.045346290 0.000134429 0.016043508 -0.002763420 0.999867499
1773244725.987529 0.001391065 0.006717551 0.047001690 0.000091083 0.016138617 -0.002703983 0.999866128
1773244726.015423 0.002054438 0.006850347 0.050130621 -0.000098787 0.015628992 -0.002801174 0.999873936
1773244726.054404 0.002037819 0.007341975 0.050896108 0.000453569 0.015361437 -0.002509075 0.999878764
1773244726.081028 0.001473934 0.007009494 0.051258620 -0.000054387 0.015543292 -0.002425338 0.999876261
1773244726.115210 0.000894089 0.007112234 0.052514482 0.000105205 0.015669972 -0.002350609 0.999874413
1773244726.156304 0.001448032 0.007429041 0.054431342 0.000062044 0.015183726 -0.002503562 0.999881566
1773244726.181930 0.001094329 0.007261261 0.055929057 -0.000104486 0.015187545 -0.002218916 0.999882162
1773244726.221529 0.001065454 0.008121544 0.056910861 0.000745921 0.015097909 -0.003028526 0.999881148
1773244726.248372 0.000973504 0.008119273 0.058564488 0.000081555 0.014945066 -0.002504809 0.999885201
1773244726.281234 0.000983082 0.008248185 0.059676308 0.000574095 0.015032401 -0.002918934 0.999882579
1773244726.320635 0.000404645 0.008601315 0.061071180 0.000725056 0.015069384 -0.002752101 0.999882400
1773244726.348573 0.000593966 0.008813532 0.062615484 0.000837073 0.014789835 -0.002834686 0.999886274
1773244726.387793 0.000598380 0.008844569 0.063648842 0.000547835 0.014653507 -0.002742267 0.999888718
1773244726.415512 0.000517250 0.008850359 0.065298565 0.000436885 0.014508633 -0.002593057 0.999891281
1773244726.453963 0.000065750 0.008344355 0.064296074 -0.000058284 0.014682305 -0.002379557 0.999889374
1773244726.481728 0.000057568 0.008681766 0.065927327 -0.000023482 0.014529627 -0.002582635 0.999891102
1773244726.515619 0.000076463 0.008960769 0.067666776 0.000248242 0.014539727 -0.002345665 0.999891520
1773244726.554768 0.000015201 0.009276573 0.070128568 0.000408938 0.014332041 -0.002722983 0.999893546
1773244726.582022 -0.000386333 0.009141589 0.071545862 0.000262513 0.014342153 -0.002243877 0.999894619
1773244726.624314 -0.000249081 0.009584923 0.072358876 0.000615832 0.014192525 -0.002744126 0.999895334
1773244726.648812 0.000111765 0.009791078 0.074196480 0.000337578 0.013687693 -0.002706136 0.999902606
1773244726.683061 -0.000390803 0.010076282 0.075361148 0.000463229 0.013735576 -0.002616003 0.999902129
1773244726.721480 -0.000364258 0.009978258 0.077025823 0.000165321 0.013612427 -0.002439012 0.999904335
1773244726.749497 -0.000438580 0.010122994 0.078721568 -0.000086169 0.013177410 -0.002090360 0.999911010
1773244726.791172 -0.000605882 0.010445640 0.080188736 0.000408974 0.012958649 -0.002249570 0.999913454
1773244726.815973 -0.000229139 0.011003378 0.082126819 0.000611686 0.012428043 -0.002524229 0.999919415
1773244726.857870 -0.000368276 0.010424279 0.082893431 0.000128257 0.012289545 -0.002090382 0.999922276
1773244726.884209 -0.000018334 0.010669434 0.084778205 -0.000003940 0.011689809 -0.001931351 0.999929786
1773244726.916605 -0.000943596 0.011019447 0.085783012 0.000004540 0.011856177 -0.001599153 0.999928415
1773244726.955810 -0.001494682 0.011500943 0.087067790 0.000549145 0.012003251 -0.002169746 0.999925435
1773244726.982005 -0.002270312 0.011570467 0.088098235 0.000186692 0.012209821 -0.001884203 0.999923646
1773244727.023230 -0.001064903 0.011760992 0.092883646 0.000031447 0.011084503 -0.001872473 0.999936819
1773244727.048856 -0.001905861 0.012259761 0.094042480 0.000314377 0.011728497 -0.001957952 0.999929249
1773244727.081923 -0.000290535 0.012208888 0.096972704 0.000169888 0.010295868 -0.002077315 0.999944866
1773244727.123763 -0.001333572 0.011997933 0.096613862 -0.000346275 0.011032895 -0.001469738 0.999938011
1773244727.149848 -0.001551063 0.012229027 0.098148376 -0.000010727 0.010958969 -0.001840159 0.999938250
1773244727.188421 -0.001314625 0.013568768 0.105686761 0.000139024 0.010603160 -0.001903654 0.999941945
1773244727.216317 -0.002020739 0.013889218 0.106844664 0.000451457 0.010849952 -0.002267345 0.999938488
1773244727.254755 -0.002541759 0.014152994 0.107885621 0.000025160 0.011024125 -0.001826652 0.999937594
1773244727.282087 -0.003825671 0.014704853 0.108907342 0.000158172 0.011426521 -0.001793498 0.999933124
1773244727.316745 -0.001423042 0.014537090 0.111894801 0.000285464 0.009675349 -0.002313676 0.999950469
1773244727.356325 -0.001042116 0.014628097 0.113763563 0.000075693 0.008779912 -0.001957533 0.999959528
1773244727.382810 -0.001611667 0.014817866 0.114942580 0.000171613 0.008614391 -0.001685697 0.999961436
1773244727.422204 -0.001478370 0.014997192 0.116622850 0.000283990 0.007979781 -0.001853914 0.999966383
1773244727.450076 -0.001786764 0.015264306 0.118045375 0.000379409 0.007560530 -0.001871421 0.999969602
1773244727.482351 -0.001828010 0.015349053 0.119747169 0.000521385 0.007085678 -0.001950556 0.999972820
1773244727.522681 -0.002148443 0.015775152 0.121524982 0.000783629 0.006671032 -0.002035934 0.999975383
1773244727.549284 -0.001895670 0.015938841 0.123186149 0.000559824 0.005992359 -0.001952624 0.999979973
1773244727.589734 -0.001682565 0.015995346 0.124742456 0.000678914 0.005171193 -0.002038720 0.999984324
1773244727.617006 -0.002069535 0.016420726 0.127841488 0.000460243 0.004856783 -0.001649460 0.999986708
1773244727.655350 -0.001818611 0.016369307 0.129600063 0.000292824 0.004248207 -0.001605250 0.999989629
1773244727.683784 -0.001403762 0.016981712 0.131440863 0.000900560 0.003643799 -0.002319844 0.999990284
1773244727.716784 -0.001883039 0.017038580 0.132604122 0.000501273 0.003433427 -0.001688459 0.999992549
1773244727.757596 -0.002508944 0.017211715 0.133546367 0.000604550 0.003300192 -0.001409368 0.999993384
1773244727.784554 -0.002769732 0.017315449 0.134823859 0.000396067 0.002780751 -0.001075219 0.999995470
1773244727.823027 -0.002216177 0.017290281 0.136635154 0.000398824 0.002112885 -0.001257877 0.999996901
1773244727.850859 -0.002294438 0.017894406 0.138042748 0.000568346 0.001725381 -0.001083363 0.999997735
1773244727.883077 -0.002202277 0.017661087 0.139265805 0.000448082 0.001376373 -0.000901736 0.999998569
1773244727.924249 -0.003631643 0.018116176 0.139988095 0.000417960 0.001763190 -0.000789837 0.999998033
1773244727.950243 -0.002592647 0.018108208 0.141835704 0.000538969 0.000723735 -0.000811697 0.999999285
1773244727.989715 -0.002948125 0.019094188 0.143670022 0.001044620 0.000058728 -0.001003719 0.999998927
1773244728.017568 -0.002646035 0.018702010 0.144936293 0.000458807 -0.000838134 -0.000760019 0.999999225
1773244728.051043 -0.002549658 0.018874966 0.146726266 0.000636392 -0.001587099 -0.000890953 0.999998093
1773244728.089364 -0.001827668 0.018056262 0.148861706 -0.000271797 -0.002898866 -0.000538352 0.999995589
1773244728.117529 -0.003486980 0.019659597 0.149162933 0.000896318 -0.002303830 -0.000570276 0.999996781
1773244728.155679 -0.003231102 0.019887440 0.151083484 0.000739292 -0.003030628 -0.000520806 0.999994993
1773244728.184660 -0.003622564 0.020030461 0.151808664 0.000979184 -0.003081709 -0.000450922 0.999994636
1773244728.223683 -0.003180263 0.019992208 0.153930336 0.000675144 -0.004094239 0.000007251 0.999991357
1773244728.251530 -0.003663215 0.020555230 0.155180052 0.001063813 -0.004316512 -0.000361076 0.999990046
1773244728.284490 -0.002693231 0.019765854 0.157138020 0.000257400 -0.005572413 -0.000074953 0.999984443
1773244728.323394 -0.003256477 0.020076044 0.158580154 0.000526263 -0.005783374 -0.000051556 0.999983132
1773244728.350345 -0.003891080 0.020275485 0.159913212 0.000354338 -0.005694139 0.000150429 0.999983668
1773244728.391769 -0.003534933 0.020219410 0.161505476 0.000238908 -0.006497776 0.000254667 0.999978781
1773244728.418513 -0.003704469 0.020674173 0.162687644 0.000373901 -0.006934558 0.000255361 0.999975860
1773244728.451479 -0.004047764 0.021068433 0.164243981 0.000226024 -0.007126963 0.000112818 0.999974549
1773244728.492214 -0.004009423 0.021238888 0.166203618 0.000264701 -0.007546502 0.000214765 0.999971449
1773244728.518117 -0.004921400 0.021574950 0.166912153 0.000428424 -0.007429269 0.000438796 0.999972224
1773244728.558622 -0.004471677 0.021445693 0.168321580 -0.000111456 -0.008006273 0.000579028 0.999967754
1773244728.585098 -0.005103926 0.021380499 0.169348821 -0.000203935 -0.008209389 0.000793675 0.999965966
1773244728.624801 -0.004168906 0.021884065 0.171221077 -0.000057481 -0.008924125 0.000637891 0.999959946
1773244728.651440 -0.004524529 0.021761345 0.172608152 -0.000120236 -0.008980471 0.000350471 0.999959588
1773244728.686045 -0.004884919 0.022148713 0.173403680 -0.000200951 -0.009204263 0.000468321 0.999957502
1773244728.724707 -0.004484538 0.022496667 0.174643233 0.000241264 -0.009764664 0.000499122 0.999952137
1773244728.752041 -0.003751208 0.022495935 0.176393583 0.000062274 -0.010664157 0.000547404 0.999942958
1773244728.792564 -0.004720889 0.022750126 0.177241758 0.000231232 -0.010293387 0.000393902 0.999946952
1773244728.818448 -0.004840994 0.022601213 0.178400964 -0.000105587 -0.010532985 0.000337096 0.999944448
1773244728.852180 -0.004665686 0.023181913 0.179852203 -0.000151691 -0.010842237 0.000581080 0.999941051
1773244728.889819 -0.006023716 0.023438659 0.180783659 0.000300157 -0.010145441 0.000158684 0.999948442
1773244728.918512 -0.006067778 0.023337094 0.181841686 -0.000398567 -0.010226327 0.000242249 0.999947608
1773244728.957400 -0.005206315 0.023657274 0.184073344 0.000289921 -0.011080906 0.000133031 0.999938548
1773244728.985426 -0.004125272 0.023612468 0.186123654 -0.000422276 -0.011883429 0.000562872 0.999929130
1773244729.024171 -0.005663212 0.024043057 0.186746329 -0.000171579 -0.011019638 0.000221678 0.999939263
1773244729.050592 -0.004737156 0.024373507 0.189203829 0.000081692 -0.011600344 0.000315735 0.999932647
1773244729.084891 -0.004498165 0.024447214 0.190537080 -0.000015534 -0.011585177 0.000069452 0.999932885
1773244729.125949 -0.004713547 0.024739962 0.191592559 0.000199914 -0.011440677 0.000227306 0.999934494
1773244729.152278 -0.004477993 0.024800543 0.192874834 0.000245233 -0.011415483 -0.000155126 0.999934793
1773244729.189711 -0.005139916 0.024547243 0.193923354 -0.000213450 -0.010923148 0.000349137 0.999940276
1773244729.218983 -0.004009253 0.024593679 0.195542634 -0.000205580 -0.011400213 0.000380723 0.999934912
1773244729.251699 -0.004888116 0.025375748 0.196464658 0.000017995 -0.010571635 -0.000253170 0.999944091
1773244729.291678 -0.004793579 0.025494300 0.197980747 -0.000163938 -0.010442226 -0.000155071 0.999945462
1773244729.318825 -0.005120130 0.025479019 0.199200556 -0.000394732 -0.009919594 -0.000039803 0.999950707
1773244729.358313 -0.004543956 0.025807748 0.200800762 -0.000387817 -0.009825896 -0.000259689 0.999951601
1773244729.385904 -0.005453808 0.026067344 0.202345908 -0.000259896 -0.009147318 0.000403126 0.999958038
1773244729.424305 -0.005274548 0.026458947 0.203486577 -0.000411790 -0.008801424 0.000410355 0.999961078
1773244729.453074 -0.004965194 0.026610650 0.205161184 -0.000438870 -0.008641738 0.000349694 0.999962509
1773244729.486683 -0.005046226 0.026836401 0.206467390 -0.000364344 -0.008152531 0.000530105 0.999966562
1773244729.527356 -0.006007836 0.027310140 0.207877308 -0.000211540 -0.007382857 0.000196856 0.999972641
1773244729.552925 -0.005990965 0.027065342 0.209244981 -0.000556156 -0.006727512 -0.000374186 0.999977112
1773244729.591474 -0.006010711 0.026780503 0.210357472 -0.000899041 -0.006163869 0.000234911 0.999980569
1773244729.618123 -0.007706929 0.027658973 0.211004451 -0.000685574 -0.004732691 0.000056242 0.999988556
1773244729.652366 -0.007515546 0.027962435 0.212227330 -0.000599890 -0.004250315 0.000094111 0.999990761
1773244729.691844 -0.007295866 0.028314350 0.214159757 -0.000196715 -0.003968852 -0.000539714 0.999991953
1773244729.719817 -0.007101226 0.027414013 0.215484306 -0.001136818 -0.003783055 -0.000213867 0.999992132
1773244729.759845 -0.006628695 0.027976464 0.217053160 -0.000772821 -0.003437285 -0.000414308 0.999993682
1773244729.785281 -0.006952600 0.027867181 0.218402416 -0.000826040 -0.002796449 -0.000708743 0.999995470
1773244729.819937 -0.007797966 0.028918749 0.219761103 -0.000450199 -0.001992859 -0.000276204 0.999997854
1773244729.858017 -0.005326599 0.028241601 0.222877920 -0.000584535 -0.002807592 -0.000950906 0.999995410
1773244729.885414 -0.004591560 0.027599378 0.224633619 -0.001109349 -0.003104939 -0.001352370 0.999993622
1773244729.927906 -0.005899373 0.028161138 0.225554958 -0.000871663 -0.001689282 -0.001116888 0.999997556
1773244729.951722 -0.006374425 0.028807269 0.226134315 -0.000734222 -0.000740532 -0.001362508 0.999998569
1773244729.995440 -0.006274373 0.028127335 0.227458939 -0.001149938 -0.000334136 -0.001243838 0.999998450
1773244730.020613 -0.005257615 0.027456407 0.229400918 -0.001337605 -0.000456145 -0.001623519 0.999997675
1773244730.053474 -0.005834675 0.028741630 0.230859712 -0.000863643 0.000421003 -0.001208792 0.999998808
1773244730.093169 -0.005693604 0.028108664 0.232207507 -0.001059748 0.000649425 -0.001762809 0.999997675
1773244730.119692 -0.005283106 0.028184135 0.233652994 -0.001273033 0.000923298 -0.001793341 0.999997139
1773244730.159857 -0.004987087 0.028754298 0.235254601 -0.000829379 0.001380668 -0.001782941 0.999997139
1773244730.186705 -0.007148444 0.030138345 0.235389546 -0.000783527 0.003004549 -0.001164341 0.999994516
1773244730.218686 -0.004856829 0.029167401 0.238081336 -0.001145301 0.002435517 -0.001707087 0.999994934
1773244730.259820 -0.006716786 0.030479237 0.238462418 -0.000962232 0.003828221 -0.001277065 0.999991417
1773244730.285877 -0.005435720 0.030361732 0.240193695 -0.000606050 0.003306651 -0.002014019 0.999992311
1773244730.326258 -0.003615527 0.030568616 0.242921486 -0.000727445 0.002744100 -0.001595450 0.999994695
1773244730.353602 -0.005466171 0.031787638 0.243610919 -0.000032183 0.004316950 -0.001623492 0.999989331
1773244730.398401 -0.003776946 0.031876493 0.244694397 -0.000182284 0.003882403 -0.001177880 0.999991775
1773244730.421084 -0.002482165 0.031417422 0.246542633 -0.000478847 0.003519900 -0.001646472 0.999992371
1773244730.453442 -0.004250118 0.031627320 0.247098789 -0.000591474 0.004946617 -0.001434676 0.999986589
1773244730.492244 -0.001433236 0.034410138 0.247214332 0.001042897 0.003705503 -0.001148393 0.999991894
1773244730.520034 -0.002246479 0.035453878 0.248652697 0.000964996 0.004546254 -0.000493135 0.999989092
1773244730.559436 -0.003859261 0.032842431 0.251404166 0.000124586 0.006286738 -0.002492550 0.999977112
1773244730.587162 -0.004364653 0.032346163 0.252693743 -0.000428532 0.007097506 -0.001727123 0.999973238
1773244730.621521 -0.004801172 0.032052919 0.253826588 -0.000620507 0.007854098 -0.002553331 0.999965727
1773244730.659166 -0.003648804 0.032579198 0.255746365 -0.000433332 0.007512276 -0.002317609 0.999969006
1773244730.686699 -0.003058422 0.032900222 0.257185936 -0.000202717 0.007787918 -0.002838775 0.999965608
1773244730.727488 -0.004037648 0.032379519 0.258014321 -0.000749814 0.009022505 -0.002540970 0.999955773
1773244730.753456 -0.002939218 0.031337131 0.260560155 -0.001434798 0.008635869 -0.002860689 0.999957561
1773244730.786477 -0.005319632 0.033443537 0.259827375 -0.000425129 0.010691918 -0.002591511 0.999939382
1773244730.827661 -0.004081793 0.032080498 0.262305319 -0.001208484 0.010484674 -0.002506158 0.999941170
1773244730.854155 -0.003918554 0.031907704 0.263121307 -0.001683628 0.010821603 -0.002373722 0.999937177
1773244730.893316 -0.004021970 0.031931460 0.264718145 -0.001666248 0.011403950 -0.002282481 0.999930978
1773244730.919901 0.001371942 0.039527155 0.267014205 0.002310089 0.008831248 -0.000661322 0.999958098
1773244730.960050 0.002147696 0.039322592 0.268944293 0.002216240 0.008558404 -0.000801591 0.999960601
1773244730.986701 -0.004392818 0.031508997 0.267665386 -0.002190830 0.013106402 -0.003075175 0.999906957
1773244731.020279 0.002628687 0.038394071 0.272112787 0.001668359 0.009254654 -0.001134520 0.999955118
1773244731.062338 0.003073257 0.038444534 0.273727596 0.001390352 0.009537078 -0.001028719 0.999953032
1773244731.087851 0.002487093 0.038726490 0.274555296 0.001570923 0.010059789 -0.001674256 0.999946773
1773244731.132070 0.002208805 0.038163319 0.275641084 0.001038630 0.010553311 -0.000870696 0.999943376
1773244731.154366 0.004023584 0.036591567 0.278593481 0.000511644 0.009871948 -0.001091625 0.999950528
1773244731.186593 0.001212840 0.038309131 0.277593195 0.000727171 0.011635161 -0.001281631 0.999931216
1773244731.228179 0.001911115 0.037679330 0.279718429 0.000626956 0.011752991 -0.001841760 0.999929070
1773244731.254917 0.001566967 0.037936762 0.280802310 0.000682593 0.012217174 -0.001430226 0.999924123
1773244731.294895 0.000630362 0.038253944 0.281298041 0.001060105 0.013104698 -0.002005951 0.999911547
1773244731.321719 0.000901491 0.037851501 0.282956660 0.000776882 0.013083268 -0.001819488 0.999912441
1773244731.363955 -0.000016627 0.038024951 0.283553630 0.000502002 0.014103741 -0.002089963 0.999898255
1773244731.392972 0.000954339 0.037469190 0.285408884 0.000379372 0.013805101 -0.002498786 0.999901533
1773244731.421046 -0.001135797 0.037238728 0.285269886 -0.000336713 0.015277751 -0.001705197 0.999881744
1773244731.460132 -0.000610611 0.037501696 0.286922425 0.000230297 0.015420084 -0.002382390 0.999878228
1773244731.487061 -0.000386632 0.038190279 0.288484991 0.000231017 0.015229448 -0.002294553 0.999881387
1773244731.526859 -0.000594288 0.036658164 0.290064663 -0.000424316 0.015690492 -0.002019207 0.999874771
1773244731.554354 -0.001317853 0.037623934 0.290398479 -0.000703862 0.016190607 -0.001874000 0.999866903
1773244731.588004 0.003101419 0.043898035 0.312863588 0.001753982 0.014482216 -0.002214252 0.999891102
1773244731.633336 0.001718797 0.044263221 0.313137889 0.001589319 0.015332031 -0.001903355 0.999879360
1773244731.654884 0.002332890 0.043922171 0.314905733 0.001706244 0.015140986 -0.002342364 0.999881148
1773244731.694050 0.002052154 0.043611754 0.316251963 0.001063403 0.015179821 -0.002042807 0.999882102
1773244731.722251 0.001518133 0.043858722 0.317498326 0.001265256 0.015528187 -0.002366042 0.999875844
1773244731.755016 0.002184563 0.043794390 0.319031566 0.000757633 0.014715694 -0.001727566 0.999889910
1773244731.794214 0.002552652 0.044283211 0.320453674 0.001476200 0.014400215 -0.002768277 0.999891400
1773244731.822908 -0.000491444 0.043939285 0.320597053 0.000672900 0.015890725 -0.002265617 0.999870956
1773244731.865951 0.001644693 0.043504115 0.323664427 0.000729321 0.014348056 -0.002973484 0.999892354
1773244731.888654 0.000563982 0.044697132 0.324667275 0.000960815 0.014723560 -0.002818545 0.999887168
1773244731.929220 0.001846113 0.043630376 0.327609301 0.000148759 0.013914904 -0.002347644 0.999900401
1773244731.955726 0.002298022 0.042899530 0.330218226 0.000238256 0.013482486 -0.002892987 0.999904871
1773244731.987532 0.001841949 0.043577451 0.331259042 0.000175577 0.013117276 -0.002857108 0.999909878
1773244732.031067 0.000557576 0.043659173 0.331463069 0.000220027 0.013778679 -0.002978227 0.999900579
1773244732.055243 -0.001257684 0.044444829 0.331552356 0.000321620 0.013982814 -0.002873802 0.999898076
1773244732.094659 -0.000026741 0.043946233 0.335070848 0.000170634 0.012975015 -0.002952946 0.999911427
1773244732.121685 -0.001031082 0.042847302 0.336480349 -0.001018711 0.013173418 -0.002335212 0.999909937
1773244732.156720 -0.000753186 0.043358136 0.337686092 -0.000608581 0.012690283 -0.002579565 0.999915957
1773244732.196799 -0.001911670 0.043809775 0.338569850 -0.000597031 0.012946357 -0.002523868 0.999912858
1773244732.221508 -0.001572295 0.043144543 0.340203851 -0.000650755 0.012227196 -0.002814527 0.999921083
1773244732.260750 -0.001935803 0.044036452 0.341183484 -0.000514389 0.012032310 -0.002650024 0.999923944
1773244732.287957 -0.001028023 0.043404184 0.342570335 -0.000657043 0.011200306 -0.003282097 0.999931633
1773244732.328568 0.000989957 0.041862439 0.344736487 -0.001977314 0.009426580 -0.003147231 0.999948680
1773244732.355047 -0.001700626 0.043680593 0.344540238 -0.000343723 0.010714959 -0.003033855 0.999937952
1773244732.388363 -0.002354772 0.043143522 0.348085880 -0.001628178 0.010195746 -0.002803333 0.999942780
1773244732.428565 -0.001986770 0.042515624 0.349034756 -0.001440131 0.009595167 -0.003146089 0.999947965
1773244732.456278 -0.003323320 0.042936120 0.350292146 -0.001977620 0.009535436 -0.002491404 0.999949455
1773244732.496167 -0.004002241 0.043236956 0.350813836 -0.001323515 0.009853246 -0.003438636 0.999944687
1773244732.522221 -0.002861069 0.042677347 0.352765769 -0.002279793 0.008437813 -0.002341284 0.999959052
1773244732.555462 -0.002809994 0.042549670 0.354155809 -0.001816157 0.007908168 -0.003012714 0.999962509
1773244732.595865 -0.001818720 0.042193990 0.355759531 -0.002091300 0.006790834 -0.002909384 0.999970496
1773244732.622842 -0.003688205 0.042218771 0.356195241 -0.001990046 0.007442660 -0.003050349 0.999965668
1773244732.662323 -0.003619656 0.042816680 0.357495397 -0.002060001 0.006777833 -0.002835822 0.999970913
1773244732.689084 -0.004602511 0.043082051 0.358282924 -0.001646900 0.007005579 -0.002734311 0.999970376
1773244732.723021 -0.005216104 0.043015581 0.358955741 -0.002076458 0.006822582 -0.002345324 0.999971807
1773244732.764610 -0.006140568 0.043396473 0.359972179 -0.001688996 0.007074217 -0.002910845 0.999969304
1773244732.790368 -0.004860424 0.042922392 0.362316579 -0.001864875 0.005849737 -0.003131952 0.999976218
1773244732.828573 -0.005165154 0.043142851 0.363245815 -0.002059278 0.005442678 -0.002991609 0.999978542
1773244732.855691 -0.006459137 0.043077119 0.364442587 -0.001805204 0.005674762 -0.003036593 0.999977648
1773244732.895430 -0.007401803 0.043268789 0.365626395 -0.002184035 0.006011811 -0.002620609 0.999976099
1773244732.922755 -0.006959958 0.043136820 0.367330521 -0.001934424 0.005255855 -0.002927094 0.999979973
1773244732.955662 -0.007102385 0.043406013 0.368091643 -0.002199354 0.004866476 -0.002377812 0.999982893
1773244732.996552 -0.007803252 0.042592052 0.369106561 -0.002455251 0.004869194 -0.001874857 0.999983311
1773244733.022747 -0.007222255 0.043064535 0.370414704 -0.002897152 0.004033423 -0.002325138 0.999984920
1773244733.063318 -0.008768094 0.043176141 0.371708155 -0.002683690 0.004624302 -0.002078808 0.999983490
1773244733.089347 -0.008779345 0.044547252 0.372902542 -0.001859377 0.004167184 -0.002510658 0.999986410
1773244733.124730 -0.009736590 0.043948721 0.374370754 -0.002390447 0.004385231 -0.002517449 0.999984324
1773244733.162906 -0.008645800 0.042915598 0.376490921 -0.002883983 0.003190078 -0.002638379 0.999987245
1773244733.189489 -0.009771435 0.043136749 0.377246857 -0.003088582 0.003114216 -0.002408428 0.999987483
1773244733.230456 -0.010527991 0.043255679 0.378895164 -0.002943286 0.002896766 -0.002893351 0.999987245
1773244733.256765 -0.011433644 0.042946920 0.379904062 -0.003357888 0.002963549 -0.002864809 0.999985814
1773244733.296975 -0.011465942 0.043238621 0.381433636 -0.003489516 0.002543021 -0.002034129 0.999988616
1773244733.324145 -0.012367290 0.043894328 0.382274836 -0.002711108 0.002778211 -0.002693543 0.999988794
1773244733.357256 -0.011242033 0.043410689 0.384452701 -0.003563917 0.001266235 -0.002558824 0.999989569
1773244733.397484 -0.012157786 0.044090424 0.385673583 -0.002866490 0.001472760 -0.003005406 0.999990284
1773244733.422419 -0.012424290 0.043100998 0.386533707 -0.003998031 0.000887966 -0.002736164 0.999987841
1773244733.463392 -0.012388000 0.043169200 0.387675792 -0.003574454 0.000515739 -0.003190361 0.999988377
1773244733.489577 -0.012605330 0.043444719 0.389094859 -0.003936460 0.000199864 -0.002173231 0.999989867
1773244733.524029 -0.014270294 0.043338366 0.390712321 -0.004351520 0.000385170 -0.002011808 0.999988437
1773244733.562874 -0.013250611 0.043081824 0.392550915 -0.004406564 -0.000854312 -0.001846539 0.999988258
1773244733.591083 -0.014250460 0.043484822 0.392909110 -0.004207260 -0.000427583 -0.002721752 0.999987364
1773244733.630783 -0.014221047 0.042909224 0.394862175 -0.004705236 -0.001184874 -0.002513961 0.999985039
1773244733.657704 -0.014605904 0.043213572 0.395712435 -0.004888264 -0.001480939 -0.002675418 0.999983370
1773244733.691202 -0.014776651 0.043356612 0.396293551 -0.004785410 -0.001954846 -0.002318132 0.999983966
1773244733.730514 -0.016064066 0.043173406 0.397762895 -0.005005515 -0.001442426 -0.002583322 0.999983132
1773244733.757118 -0.004711218 0.053716309 0.413237095 -0.000240278 -0.009471812 0.000060361 0.999955118
1773244733.799459 -0.003856249 0.053675771 0.414703876 -0.000368312 -0.010515953 -0.000287283 0.999944568
1773244733.824727 -0.006032698 0.054199379 0.415527105 0.000121247 -0.009593759 -0.000886330 0.999953568
1773244733.864670 -0.007666809 0.055622943 0.416482240 0.000743418 -0.009370881 -0.000326411 0.999955773
1773244733.891324 -0.008116674 0.055489998 0.417672187 0.000713539 -0.009680104 -0.000444949 0.999952793
1773244733.924596 -0.007845156 0.054831754 0.419135213 0.000091838 -0.010494560 -0.000268362 0.999944866
1773244733.962941 -0.008561441 0.055119727 0.420450330 0.000208294 -0.010578892 0.000232095 0.999943972
1773244733.991627 -0.009145807 0.054983728 0.421910882 0.000102083 -0.010463124 0.000131419 0.999945223
1773244734.034646 -0.009856622 0.054883532 0.423023105 -0.000083493 -0.010701732 0.000173989 0.999942720
1773244734.058343 -0.009761143 0.054833796 0.424365819 -0.000059079 -0.011436076 0.000080502 0.999934614
1773244734.092716 -0.010213121 0.053958889 0.425850630 -0.000844001 -0.011731652 0.000134614 0.999930799
1773244734.131749 -0.011084805 0.054141812 0.426899344 -0.000974611 -0.012071637 -0.000171988 0.999926686
1773244734.157473 -0.011172670 0.054434977 0.428933412 -0.000133480 -0.012417897 -0.000703968 0.999922633
1773244734.198172 -0.011900919 0.054293450 0.429775447 -0.000679292 -0.012381734 -0.000331368 0.999923050
1773244734.224174 -0.012701949 0.054233532 0.431966573 -0.000776995 -0.012316503 -0.000341327 0.999923766
1773244734.264366 -0.013151036 0.055000074 0.433290392 -0.000575781 -0.012526791 -0.000096908 0.999921381
1773244734.291597 -0.013202335 0.054932598 0.434274256 -0.000764368 -0.013067896 0.000187747 0.999914289
1773244734.324408 -0.013121867 0.055067506 0.436847776 -0.000782068 -0.013763468 0.000474087 0.999904871
1773244734.365755 -0.013631743 0.055334758 0.438527763 -0.000777633 -0.013838673 0.000323820 0.999903858
1773244734.392655 -0.013905420 0.056181550 0.440011203 -0.000601355 -0.014275659 0.000691957 0.999897659
1773244734.430773 -0.014945534 0.055322174 0.441480726 -0.000699068 -0.013905928 0.000267516 0.999903023
1773244734.458800 -0.014080817 0.055680167 0.443777144 -0.001098526 -0.015177014 0.001021032 0.999883711
1773244734.491909 -0.014417958 0.057158656 0.444584310 -0.000339219 -0.015583349 0.001216661 0.999877751
1773244734.531694 -0.014577820 0.057224173 0.446791977 -0.000440618 -0.016145058 0.001075187 0.999868989
1773244734.557889 -0.011166347 0.060562864 0.450340390 0.001487198 -0.018999586 0.001811073 0.999816775
1773244734.598511 -0.011768021 0.059824701 0.451809406 0.000844691 -0.018936465 0.001793772 0.999818742
1773244734.625582 -0.009135628 0.061381422 0.455730289 0.001567065 -0.021234047 0.002019820 0.999771297
1773244734.659630 -0.008594140 0.062917471 0.457790494 0.002527226 -0.022230493 0.002281342 0.999747097
1773244734.698246 -0.008184246 0.063512623 0.458973765 0.002931106 -0.023091914 0.002155806 0.999726713
1773244734.724681 -0.007655811 0.062465295 0.462592125 0.001802674 -0.024206521 0.002353299 0.999702573
1773244734.764088 -0.008934311 0.062531605 0.463168770 0.001965063 -0.023877710 0.002155569 0.999710619
1773244734.792228 -0.008800081 0.064310417 0.464761078 0.002591202 -0.024388021 0.002813997 0.999695241
1773244734.830187 -0.009595669 0.063778639 0.465576798 0.002323104 -0.023928683 0.002488144 0.999707878
1773244734.857687 -0.009152070 0.064417221 0.467483759 0.002581627 -0.024800153 0.003036350 0.999684513
1773244734.891768 -0.008823896 0.065074652 0.469000757 0.002796883 -0.025444124 0.002962928 0.999667943
1773244734.931674 -0.008530816 0.065686963 0.471379995 0.003020571 -0.026113512 0.002514875 0.999651253
1773244734.959254 -0.008183721 0.064929329 0.473192304 0.002573038 -0.026790658 0.002545173 0.999634504
1773244734.998559 -0.010052724 0.066192500 0.473565370 0.002931930 -0.026035862 0.002861419 0.999652624
1773244735.025305 -0.009726934 0.067312576 0.475496858 0.003702867 -0.026721349 0.002812841 0.999632061
1773244735.058611 -0.009811530 0.066588692 0.477196127 0.002865836 -0.027147504 0.003120399 0.999622464
1773244735.096899 -0.008536380 0.066774078 0.478707045 0.003512327 -0.028477132 0.003105086 0.999583483
1773244735.126187 -0.009400938 0.066325568 0.480038762 0.002873640 -0.028482590 0.003345090 0.999584615
1773244735.165632 -0.009051271 0.067469917 0.483310997 0.003077628 -0.029131915 0.003723487 0.999563873
1773244735.191432 -0.009171428 0.068146206 0.484917164 0.003659391 -0.029446186 0.003408887 0.999553859
1773244735.232716 -0.009723781 0.068486914 0.485813767 0.003282672 -0.029599439 0.004124512 0.999547958
1773244735.260093 -0.010129731 0.068668813 0.487561643 0.003815743 -0.029679414 0.003745855 0.999545157
1773244735.293020 -0.009625483 0.069336943 0.489260197 0.004229865 -0.030663809 0.003432618 0.999514937
1773244735.331968 -0.011000145 0.068667524 0.489754796 0.003636691 -0.030155942 0.003842094 0.999531209
1773244735.359312 -0.011453733 0.068508603 0.491201073 0.003657807 -0.030341346 0.003572318 0.999526560
1773244735.404333 -0.012308750 0.069729619 0.492886156 0.004419489 -0.030126473 0.003636814 0.999529719
1773244735.429400 -0.012806792 0.066546932 0.493742794 0.002754226 -0.029827669 0.002907787 0.999547064
1773244735.458955 -0.012281308 0.064917229 0.495150447 0.001555569 -0.030435916 0.002638171 0.999532044
1773244735.498286 -0.013823701 0.066065833 0.502380610 0.001067586 -0.030313304 0.003748266 0.999532819
1773244735.525016 -0.015073038 0.066865735 0.502707601 0.001822535 -0.029484021 0.003240419 0.999558330
1773244735.570054 -0.015739571 0.066256009 0.503864169 0.000901898 -0.029864421 0.004058793 0.999545336
1773244735.592005 -0.015647739 0.066373095 0.505970180 0.001498881 -0.030056341 0.003573100 0.999540687
1773244735.632412 -0.016305100 0.066588238 0.507341981 0.001225464 -0.030267274 0.003451290 0.999535143
1773244735.660021 -0.015235115 0.067779705 0.510003150 0.001971146 -0.031544589 0.003390258 0.999494672
1773244735.693091 -0.016641535 0.067994200 0.511164367 0.002291758 -0.030787364 0.003355164 0.999517679
1773244735.733721 -0.016793951 0.067468971 0.512230933 0.001434858 -0.031209309 0.003629381 0.999505281
1773244735.758503 -0.017068990 0.067403585 0.514280379 0.001195502 -0.031585719 0.003743145 0.999493301
1773244735.799578 -0.017352076 0.067654535 0.515734136 0.001509703 -0.031574517 0.003605072 0.999493778
1773244735.827175 -0.015564924 0.069206864 0.519609749 0.002144675 -0.033414036 0.003305154 0.999433815
1773244735.860314 -0.015115708 0.069513343 0.521916986 0.002555949 -0.033879653 0.003514927 0.999416471
1773244735.899335 -0.016097926 0.069593780 0.522760570 0.002551862 -0.033563346 0.002939694 0.999428988
1773244735.925502 -0.016973004 0.068828695 0.522456586 0.001702953 -0.033250835 0.003496176 0.999439478
1773244735.970919 -0.015773494 0.069187604 0.525041699 0.002055958 -0.034424208 0.003412140 0.999399364
1773244735.992352 -0.015945803 0.069440275 0.525923133 0.002367585 -0.034417909 0.002996934 0.999400258
1773244736.026326 -0.016106306 0.069471195 0.527573407 0.002091419 -0.034615695 0.003069893 0.999393821
1773244736.068093 -0.015683137 0.070940852 0.531960845 0.003054680 -0.035562947 0.003233780 0.999357522
1773244736.092813 -0.017232327 0.069906481 0.531825066 0.002199949 -0.034448728 0.003348536 0.999398470
1773244736.133202 -0.016442826 0.069966041 0.534119666 0.002022085 -0.035158087 0.004248811 0.999370694
1773244736.160474 -0.017525790 0.070214704 0.533335149 0.002345509 -0.034338795 0.003409323 0.999401689
1773244736.199470 -0.017479816 0.070154965 0.535101354 0.002194862 -0.034516681 0.003792385 0.999394536
1773244736.227100 -0.018571025 0.070874341 0.536530852 0.002624935 -0.033557076 0.003355490 0.999427736
1773244736.260468 -0.018380001 0.070633173 0.538083196 0.002279221 -0.033830564 0.003461940 0.999418974
1773244736.298989 -0.017265717 0.070592947 0.539999366 0.002048043 -0.034830194 0.004220919 0.999382198
1773244736.325937 -0.016979180 0.070563532 0.541995049 0.002186085 -0.035252612 0.003163475 0.999371052
1773244736.368217 -0.019109519 0.071991973 0.541856170 0.002794835 -0.033771634 0.003266139 0.999420345
1773244736.394366 -0.018040694 0.072311029 0.544442654 0.003010477 -0.034544900 0.003218908 0.999393404
1773244736.426049 -0.018052952 0.072913058 0.546006858 0.003155664 -0.034770615 0.002967770 0.999385893
1773244736.472755 -0.020119984 0.071576767 0.545591831 0.002156032 -0.033214416 0.003441603 0.999440014
1773244736.493110 -0.019941315 0.071766078 0.547192276 0.002248743 -0.033516552 0.002960996 0.999431252
1773244736.532972 -0.021084793 0.071894787 0.548277557 0.002169789 -0.032693449 0.003233111 0.999457836
1773244736.560967 -0.020439507 0.072472669 0.549345732 0.002881942 -0.032994721 0.002633689 0.999447882
1773244736.599414 -0.020135975 0.072533563 0.551144540 0.002115240 -0.033102099 0.003639405 0.999443114
1773244736.627540 -0.019924495 0.072646484 0.552665770 0.002579613 -0.033155791 0.003039631 0.999442279
1773244736.660090 -0.020069808 0.072828516 0.554439962 0.002093895 -0.033069137 0.003356414 0.999445260
1773244736.699673 -0.019078173 0.073833138 0.556836724 0.002809311 -0.033624873 0.003110259 0.999425769
1773244736.727760 -0.020861879 0.074799299 0.563043833 0.002830176 -0.032737676 0.003487027 0.999453902
1773244736.766406 -0.020309282 0.074430846 0.564937592 0.002164316 -0.033002470 0.003880619 0.999445379
1773244736.793478 -0.020630803 0.074794099 0.566150367 0.002367817 -0.032682408 0.003338701 0.999457419
1773244736.827415 -0.020734249 0.075279318 0.567715704 0.002658303 -0.032660857 0.003734112 0.999455988
1773244736.866403 -0.020932112 0.074966140 0.569144368 0.002184049 -0.032298837 0.003860320 0.999468446
1773244736.894825 -0.020373749 0.075260863 0.569283903 0.002435642 -0.032295004 0.003057111 0.999470711
1773244736.933170 -0.021071248 0.075436421 0.570574164 0.002468169 -0.031521555 0.002779373 0.999496162
1773244736.962059 -0.020503061 0.075712256 0.572506487 0.002466262 -0.032027125 0.002723732 0.999480247
1773244737.001274 -0.020980053 0.075544268 0.575455487 0.001911567 -0.031175613 0.003658105 0.999505401
1773244737.028627 -0.022267323 0.075907864 0.575882494 0.001771382 -0.030173078 0.003101603 0.999538302
1773244737.060584 -0.020771587 0.076812245 0.578365386 0.002849814 -0.030986434 0.002933548 0.999511421
1773244737.105161 -0.021297846 0.076720655 0.581629992 0.002251648 -0.030504866 0.003269695 0.999526739
1773244737.129247 -0.021759933 0.077163376 0.583232224 0.002306984 -0.030034842 0.003262250 0.999540865
1773244737.171137 -0.021568026 0.076959647 0.584841847 0.002086018 -0.029897572 0.002714913 0.999547124
1773244737.195704 -0.021506228 0.077119529 0.586307168 0.001897286 -0.029987583 0.002978108 0.999544024
1773244737.228295 -0.021598153 0.077820122 0.588353813 0.002154841 -0.029543065 0.002428533 0.999558210
1773244737.270952 -0.021711126 0.078752145 0.592365980 0.002946095 -0.029167280 0.002584752 0.999566853
1773244737.294871 -0.022153566 0.078426570 0.593924820 0.002408688 -0.028910328 0.002849635 0.999575078
1773244737.334671 -0.022618875 0.077328585 0.592758834 0.001650486 -0.028379036 0.002558356 0.999592602
1773244737.362165 -0.022650413 0.078889102 0.597234309 0.002700115 -0.027895113 0.002070197 0.999605060
1773244737.395106 -0.022597134 0.078855433 0.598605514 0.002107995 -0.028017456 0.003503952 0.999599040
1773244737.435959 -0.021853793 0.078718439 0.601598144 0.002007937 -0.028382979 0.003584124 0.999588668
1773244737.461741 -0.022590976 0.079169363 0.602591753 0.002353349 -0.027530979 0.002911556 0.999613941
1773244737.502098 -0.022193484 0.079562671 0.604649961 0.002320552 -0.027513146 0.003158596 0.999613762
1773244737.528981 -0.023180883 0.079349846 0.605783582 0.002226011 -0.026480492 0.002987456 0.999642372
1773244737.566842 -0.022455502 0.079693973 0.607696235 0.002175748 -0.026907554 0.002838531 0.999631524
1773244737.594280 -0.022009332 0.080193087 0.610141397 0.001938820 -0.027083550 0.002630537 0.999627829
1773244737.629364 -0.023128312 0.080391504 0.611601353 0.002367490 -0.026078952 0.002533773 0.999653816
1773244737.667465 -0.023428222 0.080627248 0.613364220 0.002146401 -0.025809625 0.002847508 0.999660492
1773244737.694304 -0.023683256 0.080773927 0.614194393 0.002125997 -0.025283514 0.002460834 0.999674976
1773244737.734654 -0.023366438 0.080709122 0.617301524 0.002188836 -0.025592649 0.002931713 0.999665737
1773244737.761395 -0.024060326 0.081432976 0.618919730 0.002714318 -0.024968578 0.002383764 0.999681711
1773244737.796227 -0.023265205 0.081211008 0.620564759 0.002341331 -0.025592165 0.002224913 0.999667227
1773244737.834392 -0.023088740 0.081850290 0.622806311 0.002837329 -0.025433114 0.002262253 0.999669909
1773244737.862220 -0.023881821 0.082495295 0.623974442 0.003106156 -0.024667213 0.001789921 0.999689281
1773244737.901525 -0.023358468 0.082085349 0.625877917 0.003053478 -0.024958102 0.002317465 0.999681175
1773244737.929200 -0.023316346 0.082551450 0.627530038 0.002729619 -0.025009736 0.001850842 0.999681771
1773244737.968318 -0.024603110 0.082694292 0.628271461 0.003283923 -0.023817971 0.002062897 0.999708772
1773244737.995729 -0.025855010 0.082886182 0.629750431 0.003082176 -0.022790926 0.002091839 0.999733329
1773244738.029006 -0.025275325 0.082543567 0.631380439 0.002736072 -0.022750558 0.002241328 0.999734938
1773244738.068108 -0.025091268 0.082966171 0.632637918 0.003331362 -0.022859635 0.002158942 0.999730766
1773244738.096549 -0.024524277 0.083585165 0.634434760 0.003415753 -0.023088945 0.001892227 0.999725759
1773244738.139888 -0.024510043 0.083932564 0.636524200 0.003891699 -0.022671411 0.001079280 0.999734819
1773244738.162246 -0.025301438 0.084204286 0.637396336 0.004165206 -0.022022894 0.001541652 0.999747634
1773244738.196234 -0.024473421 0.083916269 0.639845490 0.003654565 -0.022609714 0.001447025 0.999736667
1773244738.235754 -0.025037250 0.084684424 0.642229855 0.003924886 -0.021738471 0.001294378 0.999755144
1773244738.264106 -0.025992077 0.084916137 0.642783642 0.003916141 -0.021035666 0.001299730 0.999770224
1773244738.303023 -0.026746908 0.085432149 0.644273221 0.004003549 -0.020154756 0.000906860 0.999788463
1773244738.328469 -0.025741195 0.085040681 0.646241307 0.003892011 -0.020832375 0.001496150 0.999774337
1773244738.368197 -0.024071891 0.084634237 0.649412572 0.003046914 -0.021755684 0.002276623 0.999756098
1773244738.397007 -0.026326362 0.085235737 0.649258792 0.003621076 -0.019967280 0.001118113 0.999793470
1773244738.429929 -0.025322549 0.086061150 0.651756763 0.003726571 -0.020736706 0.001355337 0.999777079
1773244738.468746 -0.025854673 0.085973047 0.652713060 0.003861527 -0.020139083 0.000796896 0.999789417
1773244738.495067 -0.025543589 0.085870139 0.654628217 0.003468949 -0.020100705 0.001556041 0.999790728
1773244738.536277 -0.026268782 0.086314648 0.656022429 0.003425815 -0.019193197 0.001981177 0.999807954
1773244738.563090 -0.026654955 0.086433806 0.657422721 0.003479857 -0.018768424 0.001869764 0.999816060
1773244738.596514 -0.026395770 0.086801551 0.659083784 0.003584012 -0.018813703 0.001729462 0.999815047
1773244738.635644 -0.025474882 0.087456822 0.661809564 0.004252295 -0.019409904 0.000932090 0.999802113
1773244738.662019 -0.025631944 0.087644510 0.663120329 0.004254806 -0.019262291 0.000974795 0.999804914
1773244738.702712 -0.026269924 0.086954311 0.664135218 0.003119177 -0.018378388 0.002188946 0.999823809
1773244738.728826 -0.026376303 0.087955303 0.665867567 0.004123485 -0.018226059 0.001262830 0.999824584
1773244738.769727 -0.025641974 0.088171281 0.667960644 0.003772388 -0.018651467 0.001109423 0.999818325
1773244738.796983 -0.026728196 0.087701149 0.669206858 0.003206601 -0.017405825 0.001521465 0.999842227
1773244738.830353 -0.026398001 0.088514760 0.671366215 0.003535221 -0.017475402 0.001241762 0.999840260
1773244738.868631 -0.025906002 0.088816971 0.673227191 0.003671312 -0.017766485 0.000882733 0.999835014
1773244738.895661 -0.026527356 0.089200005 0.674157798 0.003683007 -0.017273171 0.001661767 0.999842644
1773244738.936364 -0.026778068 0.089290418 0.675814211 0.003216253 -0.016659886 0.002053629 0.999853909
1773244738.964529 -0.026833542 0.089671098 0.677884221 0.003551912 -0.016222220 0.001300252 0.999861240
1773244738.997950 -0.025605280 0.089916818 0.681811035 0.003794236 -0.017056933 0.001184638 0.999846637
1773244739.035564 -0.025753146 0.090133294 0.683096945 0.003738109 -0.017113645 0.001039975 0.999846041
1773244739.063308 -0.026913077 0.090832591 0.684189916 0.003877558 -0.016161257 0.000976419 0.999861419
1773244739.104570 -0.026587388 0.090755060 0.686050892 0.003624564 -0.016206289 0.001653743 0.999860764
1773244739.130400 -0.026299749 0.090646274 0.688312888 0.003664515 -0.015918892 0.001147324 0.999865890
1773244739.171990 -0.026848247 0.091164142 0.690312862 0.004015329 -0.014947609 0.001039653 0.999879658
1773244739.198144 -0.027603820 0.091096789 0.691492677 0.003494411 -0.014466524 0.001271833 0.999888420
1773244739.229851 -0.026742777 0.091379791 0.693993866 0.003233088 -0.014600808 0.001201652 0.999887466
1773244739.272415 -0.027114337 0.091263629 0.695546806 0.003424147 -0.014113184 0.001154490 0.999893904
1773244739.298021 -0.027121553 0.091096446 0.697728455 0.002701398 -0.013924370 0.001976439 0.999897480
1773244739.335948 -0.027546808 0.092326254 0.698929310 0.003852486 -0.013337493 0.001516541 0.999902427
1773244739.364516 -0.026871655 0.092263587 0.701228619 0.003171030 -0.013626023 0.001100192 0.999901474
1773244739.397454 -0.026205163 0.092809111 0.703503847 0.003634009 -0.013857725 0.001140002 0.999896705
1773244739.436611 -0.025415823 0.092916273 0.707522154 0.003066150 -0.014309518 0.001299998 0.999892056
1773244739.464476 -0.024771303 0.092828266 0.709742844 0.002880333 -0.014501329 0.000839769 0.999890387
1773244739.503124 -0.024276063 0.093265079 0.712052822 0.002916657 -0.014385100 0.000655833 0.999892056
1773244739.529840 -0.025676588 0.094449602 0.712242782 0.004023172 -0.013454277 0.000458802 0.999901295
1773244739.569330 -0.025927937 0.093974985 0.713991225 0.003363242 -0.012783470 0.000411410 0.999912560
1773244739.597872 -0.025801264 0.093908571 0.715477288 0.003052979 -0.012932149 0.000685517 0.999911487
1773244739.630391 -0.025357962 0.093732350 0.717653155 0.002536382 -0.013152926 0.001504638 0.999909163
1773244739.672210 -0.025960365 0.094806045 0.718611002 0.003244162 -0.012425541 0.000525928 0.999917388
1773244739.697457 -0.025954068 0.094377443 0.720979750 0.002048404 -0.012475244 0.001394475 0.999919116
1773244739.737565 -0.026844058 0.095263012 0.721822679 0.003203802 -0.011542623 0.000471812 0.999928117
1773244739.766275 -0.026642885 0.095143288 0.723617733 0.002367334 -0.011678102 0.001047139 0.999928474
1773244739.798425 -0.026903661 0.095483765 0.724853992 0.002477127 -0.011244821 0.000910461 0.999933302
1773244739.837533 -0.026923390 0.095738679 0.726331651 0.002751184 -0.011167382 0.000991042 0.999933362
1773244739.865132 -0.026924413 0.096009679 0.727810562 0.002582130 -0.011110056 0.000705380 0.999934673
1773244739.903606 -0.027334660 0.096070848 0.729224563 0.002632009 -0.010702169 0.000748083 0.999938965
1773244739.930502 -0.027263947 0.096113302 0.730755508 0.002404770 -0.010496489 0.001117750 0.999941409
1773244739.970421 -0.026497111 0.096467681 0.732595861 0.002611367 -0.011132448 0.000015498 0.999934614
1773244739.998686 -0.026964840 0.096906006 0.733761430 0.002496220 -0.010680737 0.000551211 0.999939680
1773244740.031852 -0.026333716 0.096619949 0.736307919 0.002380113 -0.011158486 0.000697648 0.999934673
1773244740.070862 -0.025509439 0.096481912 0.738547146 0.001600104 -0.011797826 0.001061817 0.999928594
1773244740.098484 -0.026575878 0.096954666 0.739053667 0.002251765 -0.011001077 0.000556147 0.999936819
1773244740.137479 -0.026802160 0.097315826 0.740558922 0.002094453 -0.010511163 0.000661098 0.999942362
1773244740.165433 -0.026376896 0.097301126 0.742708445 0.001777761 -0.010618896 0.000608841 0.999941885
1773244740.196769 -0.026516583 0.097998880 0.743795574 0.002158162 -0.010599947 0.000346790 0.999941409
1773244740.237930 -0.026762946 0.097802475 0.745295107 0.001611722 -0.010188133 0.000861314 0.999946415
1773244740.265198 -0.026460767 0.097955592 0.747280300 0.001948856 -0.010272115 0.000794279 0.999945045
1773244740.303490 -0.026022870 0.098113306 0.749251246 0.001715748 -0.010663067 0.000852967 0.999941349
1773244740.330478 -0.026464514 0.098186910 0.750417352 0.001392387 -0.010456651 0.001020484 0.999943852
1773244740.371749 -0.026870271 0.098398663 0.752557516 0.001430113 -0.010261651 0.001228900 0.999945581
1773244740.399268 -0.027128708 0.098762631 0.754186869 0.001496109 -0.010447338 0.001183002 0.999943614
1773244740.430729 -0.026011005 0.098828286 0.756786108 0.001456171 -0.011184687 0.000788319 0.999936104
1773244740.472489 -0.027128421 0.099638171 0.758107007 0.002265509 -0.010649375 0.001175379 0.999940038
1773244740.499099 -0.028131273 0.099879839 0.759498179 0.002181810 -0.010079851 0.000961955 0.999946356
1773244740.538799 -0.027540077 0.099942222 0.761830926 0.002511960 -0.010928079 0.000808864 0.999936819
1773244740.564184 -0.027778752 0.100559734 0.763407469 0.002821442 -0.011087517 0.000366816 0.999934494
1773244740.598564 -0.027082441 0.100241140 0.765890241 0.002385684 -0.011756513 0.000839999 0.999927700
1773244740.638809 -0.026491221 0.100832902 0.768236518 0.002437966 -0.012241984 0.000858067 0.999921739
1773244740.665961 -0.028523663 0.101059243 0.768661261 0.002957991 -0.010821896 0.001154156 0.999936402
1773244740.705117 -0.028372381 0.101429172 0.770852506 0.003061194 -0.011446227 0.000779921 0.999929488
1773244740.731516 -0.028733023 0.102386110 0.772387803 0.003229189 -0.011529386 0.000633650 0.999928117
1773244740.765042 -0.027608024 0.102116019 0.775153279 0.002761585 -0.012368409 0.000625494 0.999919474
1773244740.805532 -0.027335694 0.102082238 0.777455270 0.002928509 -0.012788434 0.001019369 0.999913454
1773244740.832827 -0.028012186 0.102404125 0.778375626 0.002868326 -0.012480930 0.001373439 0.999917090
1773244740.870620 -0.028250273 0.100844547 0.780710697 0.001411423 -0.012305853 0.001519035 0.999922156
1773244740.898213 -0.027787864 0.101857416 0.782669365 0.002143840 -0.012865772 0.001222807 0.999914229
1773244740.938198 -0.027598310 0.102792948 0.784949958 0.002319806 -0.013448377 0.001630682 0.999905527
1773244740.966039 -0.027296081 0.103153214 0.786819100 0.002823824 -0.013932516 0.000336769 0.999898851
1773244740.998889 -0.027175946 0.103003249 0.788902044 0.002428296 -0.014392952 0.001153774 0.999892771
1773244741.038163 -0.029452227 0.103264011 0.789033413 0.002659780 -0.013046458 0.001403376 0.999910355
1773244741.064665 -0.027232533 0.103845879 0.791979671 0.002764837 -0.014782806 0.002009427 0.999884844
1773244741.105182 -0.028688721 0.104325101 0.793140411 0.003079474 -0.014064320 0.001844912 0.999894679
1773244741.133221 -0.028271751 0.104076803 0.794863760 0.002826498 -0.014614604 0.001130626 0.999888599
1773244741.165865 -0.028683424 0.104818754 0.797792792 0.003321225 -0.014396914 0.001754800 0.999889314
1773244741.205235 -0.027187198 0.106148459 0.799686134 0.004188778 -0.015939441 0.001492816 0.999863088
1773244741.231804 -0.028396986 0.104919806 0.801144183 0.003004984 -0.015182201 0.002013052 0.999878228
1773244741.273591 -0.029959822 0.105770484 0.802542210 0.003441348 -0.014444707 0.001864560 0.999888003
1773244741.299896 -0.027700208 0.106920578 0.804767787 0.004511551 -0.016114231 0.001064393 0.999859393
1773244741.337336 -0.027313089 0.107493468 0.807407320 0.004052650 -0.016756903 0.001454127 0.999850333
1773244741.366723 -0.028563630 0.107542008 0.809255600 0.004359324 -0.016057916 0.001030778 0.999861002
1773244741.399613 -0.028295539 0.107382022 0.811027169 0.003720001 -0.016371654 0.001517864 0.999857903
1773244741.438741 -0.028416654 0.108034208 0.812837780 0.004089880 -0.016731316 0.001561020 0.999850452
1773244741.465993 -0.029895311 0.107869469 0.813059747 0.004180261 -0.015671939 0.001291712 0.999867618
1773244741.505630 -0.029217642 0.106492601 0.815678477 0.002954490 -0.016469397 0.001948790 0.999858141
1773244741.533254 -0.030053750 0.107398711 0.817124963 0.003275363 -0.016083885 0.002179849 0.999862909
1773244741.567221 -0.030013714 0.108732112 0.818790495 0.004108207 -0.016310070 0.001718711 0.999857068
1773244741.606062 -0.029979922 0.108366124 0.820590556 0.003681428 -0.016651232 0.002005528 0.999852538
1773244741.632212 -0.031106185 0.107940003 0.821488798 0.003479704 -0.016211467 0.001675159 0.999861062
1773244741.673160 -0.030652652 0.108666681 0.824631155 0.003916017 -0.016673889 0.001567206 0.999852121
1773244741.699601 -0.031785481 0.107324339 0.825084865 0.002690671 -0.016636163 0.001276942 0.999857187
1773244741.733002 -0.029920386 0.107751176 0.827964783 0.002736233 -0.017623944 0.001768596 0.999839365
1773244741.773629 -0.032069426 0.107388616 0.829039812 0.002472801 -0.015995402 0.002104111 0.999866784
1773244741.801646 -0.030936860 0.108970895 0.832194030 0.003187268 -0.017097896 0.001963108 0.999846816
1773244741.840162 -0.031555351 0.109962508 0.833316624 0.003917241 -0.016928473 0.001425714 0.999848008
1773244741.867422 -0.030889615 0.110196292 0.835871100 0.004069878 -0.017201969 0.001588046 0.999842525
1773244741.905626 -0.031357806 0.110145934 0.837357283 0.003655447 -0.017251359 0.001766025 0.999842942
1773244741.933937 -0.030548684 0.110778265 0.839419961 0.003904365 -0.017740222 0.001726346 0.999833524
1773244741.967796 -0.031324822 0.110808283 0.840907037 0.003718754 -0.017354120 0.001294031 0.999841690
1773244742.008890 -0.034077883 0.110254057 0.841016591 0.003005180 -0.015447446 0.001304528 0.999875307
1773244742.033018 -0.030931134 0.110654622 0.844585776 0.003272765 -0.017581400 0.001992777 0.999838114
1773244742.072841 -0.031730525 0.111002751 0.846797764 0.003193134 -0.017176952 0.001675740 0.999845982
1773244742.101087 -0.030955974 0.112094566 0.848627746 0.003797023 -0.018079426 0.001385759 0.999828398
1773244742.134603 -0.031878836 0.112017795 0.849681556 0.003325879 -0.017486906 0.001426911 0.999840558
1773244742.174112 -0.031930219 0.112081915 0.851694047 0.003275907 -0.017558377 0.001406550 0.999839485
1773244742.201934 -0.031909663 0.112529382 0.853866816 0.003252370 -0.017991288 0.001205080 0.999832153
1773244742.243389 -0.032139424 0.112456590 0.855639637 0.002826814 -0.017824618 0.001273890 0.999836326
1773244742.268326 -0.031692509 0.112902634 0.857779264 0.003308617 -0.018485721 0.001144617 0.999822974
1773244742.309019 -0.032287233 0.113050327 0.859279752 0.002915284 -0.018458240 0.001581832 0.999824107
1773244742.335318 -0.032143001 0.113748722 0.860913277 0.003303276 -0.018556977 0.000691122 0.999822080
1773244742.367728 -0.032843694 0.112989463 0.862137616 0.002707598 -0.018441543 0.001243876 0.999825478
1773244742.409663 -0.032354552 0.113598749 0.864964366 0.002617871 -0.019232502 0.000888223 0.999811232
1773244742.433818 -0.033277769 0.113969594 0.865739822 0.003257871 -0.018579572 0.000475106 0.999821961
1773244742.474203 -0.033901013 0.113665357 0.867327154 0.002661289 -0.018257257 0.000552281 0.999829650
1773244742.501215 -0.033848807 0.114137709 0.869088531 0.002644333 -0.018428331 0.000266659 0.999826670
1773244742.535449 -0.035095580 0.113530256 0.870204508 0.002251638 -0.017585048 0.000490055 0.999842703
1773244742.574774 -0.034183942 0.115538836 0.872483611 0.003840066 -0.018557779 0.000432437 0.999820292
1773244742.602908 -0.034222879 0.114793777 0.874308646 0.003162234 -0.018598286 0.000679853 0.999821782
1773244742.641334 -0.034455553 0.115113355 0.875526726 0.003051014 -0.018325465 0.000744479 0.999827147
1773244742.668007 -0.034727942 0.115346842 0.877041459 0.003276417 -0.017906277 0.000908133 0.999833882
1773244742.707495 -0.035120439 0.114807330 0.879470050 0.002201068 -0.017618336 0.001366963 0.999841452
1773244742.734015 -0.035290081 0.114950709 0.881159246 0.001875261 -0.017472995 0.001153968 0.999844909
1773244742.770104 -0.035488553 0.114742085 0.882525206 0.001683289 -0.017399644 0.002240673 0.999844670
1773244742.807681 -0.034432542 0.116418689 0.885043263 0.002717111 -0.018611474 0.001086259 0.999822497
1773244742.834565 -0.035040904 0.117626995 0.886600375 0.003563033 -0.018330956 0.001307309 0.999824762
1773244742.879441 -0.035439819 0.118170962 0.888323903 0.003878196 -0.018212723 0.000144467 0.999826610
1773244742.901494 -0.035390366 0.118207976 0.890043259 0.003844659 -0.018048290 0.000257504 0.999829710
1773244742.936241 -0.033895850 0.117814086 0.892310262 0.002867332 -0.019400567 0.001262925 0.999806881
1773244742.976581 -0.032619391 0.117727116 0.894331336 0.002677463 -0.020335499 0.001568466 0.999788404
1773244743.002204 -0.033060998 0.118163191 0.896268606 0.002691910 -0.019967183 0.001055466 0.999796450
1773244743.039621 -0.034027163 0.117643729 0.897426009 0.001984272 -0.019427551 0.001783410 0.999807715
1773244743.070253 -0.035472762 0.118077993 0.898527563 0.002359685 -0.018268084 0.000306348 0.999830306
1773244743.108860 -0.033746097 0.119345225 0.901370883 0.003125890 -0.019848920 0.000852230 0.999797761
1773244743.135014 -0.034480192 0.118917242 0.902561009 0.002513928 -0.019327268 0.000955759 0.999809563
1773244743.168753 -0.035033375 0.119622409 0.904040694 0.003036196 -0.019064564 0.000523299 0.999813497
1773244743.207927 -0.035458680 0.119643398 0.906139016 0.002368083 -0.018744076 0.000967048 0.999821007
1773244743.234345 -0.034748226 0.119801849 0.907979667 0.002621302 -0.019516377 0.000397687 0.999805987
1773244743.274941 -0.036192622 0.119568929 0.909045339 0.002202209 -0.018496230 0.000956667 0.999826014
1773244743.302116 -0.035509560 0.120002173 0.911776543 0.001788518 -0.019064805 0.001006397 0.999816120
1773244743.335698 -0.034459099 0.119974345 0.914767504 0.001532070 -0.020134339 0.000918368 0.999795675
1773244743.374946 -0.035093393 0.120035641 0.916248322 0.001265938 -0.019492161 0.001694611 0.999807775
1773244743.401528 -0.033102587 0.120220602 0.918255031 0.001291246 -0.021067226 0.001667744 0.999775827
1773244743.442394 -0.034151282 0.120104223 0.919758379 0.000772537 -0.020701854 0.001336349 0.999784529
1773244743.468187 -0.035888061 0.121283077 0.920985043 0.001823950 -0.019836755 0.001119403 0.999800980
1773244743.508757 -0.036204685 0.121232510 0.922450542 0.001426810 -0.019764965 0.001246068 0.999802887
1773244743.535062 -0.036130358 0.121245034 0.924395144 0.001518839 -0.020040059 0.001256244 0.999797225
1773244743.569262 -0.035654053 0.120273143 0.926398873 0.000230443 -0.020361008 0.002081262 0.999790490
1773244743.610426 -0.037274607 0.120866761 0.927075267 0.000926211 -0.019343313 0.001068879 0.999811888
1773244743.636405 -0.036011323 0.121417083 0.930209696 0.001358645 -0.020569310 0.000804233 0.999787152
1773244743.674712 -0.037721939 0.122303747 0.931547999 0.001673808 -0.019639688 0.001271358 0.999804914
1773244743.703062 -0.037226800 0.120281428 0.934147656 -0.000067857 -0.020323131 0.001161952 0.999792755
1773244743.736220 -0.038002782 0.121086016 0.934902251 0.000576325 -0.019518094 0.001005999 0.999808848
1773244743.774444 -0.039864562 0.121704668 0.936338186 0.000769279 -0.018410685 0.001351937 0.999829292
1773244743.802660 -0.035764489 0.122201964 0.939383030 0.001107604 -0.021445343 0.000962764 0.999768913
1773244743.843112 -0.034918025 0.123036914 0.942681670 0.001484657 -0.022144210 0.001904835 0.999751866
1773244743.869702 -0.035106998 0.121993519 0.944470584 0.000435531 -0.021884356 0.001725365 0.999758899
1773244743.908133 -0.037669837 0.122380078 0.944013476 0.000837733 -0.020275425 0.001464455 0.999792993
1773244743.935798 -0.036597572 0.120889001 0.946479321 -0.000591645 -0.021176029 0.001232356 0.999774814
1773244743.970017 -0.035156749 0.123283744 0.949034989 0.001419451 -0.022365004 0.001722226 0.999747336
1773244744.009829 -0.036338016 0.123606004 0.951012492 0.000986437 -0.021724204 0.001831477 0.999761820
1773244744.036334 -0.035978399 0.123019502 0.952657163 0.000622905 -0.022277996 0.001800502 0.999749959
1773244744.075218 -0.035373755 0.123443112 0.954266667 0.000624103 -0.023317974 0.001513300 0.999726713
1773244744.101656 -0.034569845 0.125134155 0.956420600 0.002051632 -0.024353383 0.001453481 0.999700248
1773244744.136431 -0.035165064 0.124907337 0.958055794 0.001724630 -0.023704844 0.001914302 0.999715686
1773244744.175227 -0.034663204 0.125016987 0.959962845 0.001836470 -0.024068484 0.001597925 0.999707341
1773244744.203653 -0.036886476 0.126114935 0.960802317 0.002258067 -0.022245113 0.001922821 0.999748170
1773244744.242448 -0.037223615 0.125425711 0.962141156 0.001847724 -0.022095969 0.001337118 0.999753237
1773244744.270601 -0.035878889 0.126118287 0.965519726 0.002442380 -0.023606095 0.001595640 0.999717057
1773244744.308826 -0.037951630 0.125698730 0.966480851 0.001732535 -0.022172989 0.001915638 0.999750853
1773244744.335797 -0.037473924 0.126876295 0.968441188 0.002982921 -0.022552518 0.001262295 0.999740422
1773244744.370588 -0.038452834 0.128776059 0.970282018 0.004500887 -0.022102853 0.000443873 0.999745488
1773244744.411187 -0.035836253 0.126939252 0.973193228 0.001997076 -0.023951799 0.001996447 0.999709129
1773244744.437646 -0.035444558 0.126144588 0.974860430 0.001496700 -0.024350006 0.001295104 0.999701560
1773244744.478714 -0.037184834 0.126850396 0.976520181 0.001965746 -0.022963492 0.002055516 0.999732256
1773244744.503850 -0.036054388 0.127620086 0.978781700 0.002135934 -0.024017887 0.001755814 0.999707699
1773244744.537297 -0.035494953 0.127829611 0.981656790 0.002085619 -0.024578329 0.002193609 0.999693334
1773244744.580519 -0.037656356 0.128496140 0.982505679 0.002942015 -0.022942504 0.001669984 0.999731064
1773244744.603482 -0.037136152 0.128629565 0.984437346 0.002548402 -0.023472643 0.002302868 0.999718606
1773244744.643727 -0.037548225 0.128045186 0.985620797 0.002389560 -0.023219842 0.002532738 0.999724329
1773244744.672019 -0.037064496 0.129369095 0.987803280 0.002953249 -0.024126042 0.002180753 0.999702215
1773244744.709494 -0.037717193 0.129211724 0.989523828 0.003085890 -0.023527753 0.002453266 0.999715388
1773244744.736707 -0.039855771 0.128364548 0.990398884 0.002231457 -0.022006603 0.002207218 0.999752879
1773244744.768847 -0.037507646 0.130019978 0.992815971 0.003655162 -0.023928303 0.002292747 0.999704361
1773244744.809487 -0.036794920 0.129684001 0.994834006 0.003688225 -0.024618398 0.001823040 0.999688447
1773244744.836793 -0.037667140 0.129687116 0.996230066 0.003674902 -0.024149533 0.002061786 0.999699473
1773244744.879254 -0.037545934 0.131221935 0.998212337 0.004772277 -0.024618154 0.001439649 0.999684513
1773244744.904310 -0.037862435 0.131140441 0.999858737 0.004851264 -0.024513127 0.001014675 0.999687195
1773244744.936068 -0.037883393 0.130395532 1.002048254 0.003749245 -0.024335466 0.002115590 0.999694586
1773244744.976110 -0.038761348 0.129626378 1.003167748 0.003007199 -0.023721876 0.002205571 0.999711633
1773244745.003885 -0.038402729 0.131559193 1.006178617 0.004479222 -0.023984458 0.001412009 0.999701321
1773244745.042642 -0.038493499 0.131047130 1.007949471 0.004014160 -0.024028199 0.001576716 0.999701977
1773244745.070952 -0.038526375 0.131407872 1.008986712 0.003622814 -0.024155812 0.002036706 0.999699533
1773244745.109229 -0.038848102 0.131289646 1.011442780 0.003692247 -0.024074860 0.001916741 0.999701500
1773244745.136542 -0.039306786 0.129406571 1.013531327 0.002111600 -0.023703754 0.002217443 0.999714315
1773244745.171154 -0.040690180 0.130264163 1.014911413 0.002437672 -0.022830591 0.002313409 0.999733686
1773244745.211439 -0.039725561 0.130699262 1.016995549 0.003200632 -0.023898838 0.001651351 0.999707878
1773244745.238676 -0.039495785 0.130400851 1.018900156 0.002787741 -0.024103822 0.001635849 0.999704242
1773244745.278129 -0.039283171 0.132965103 1.021644711 0.004623159 -0.024621442 0.001438703 0.999685109
1773244745.304486 -0.038955245 0.132787064 1.023333788 0.004074727 -0.025331561 0.001728772 0.999669313
1773244745.338003 -0.039218135 0.133416742 1.025590420 0.004465184 -0.025056409 0.001763760 0.999674499
1773244745.379172 -0.038929112 0.132931009 1.027199745 0.004020352 -0.025407143 0.002195024 0.999666691
1773244745.413772 -0.040320963 0.132596254 1.028457165 0.003724894 -0.024317205 0.002101229 0.999695122
1773244745.448336 -0.038954925 0.132962689 1.030761003 0.004081718 -0.026049059 0.000921180 0.999651909
1773244745.475025 -0.040033545 0.134474248 1.032055140 0.005544279 -0.025255987 0.001068481 0.999665082
1773244745.513676 -0.041568756 0.134879053 1.033421874 0.005661042 -0.024143487 0.001413604 0.999691486
1773244745.537960 -0.041189525 0.135191381 1.035242915 0.006198425 -0.024658892 0.000948764 0.999676228
1773244745.571188 -0.041345954 0.134098202 1.036604285 0.005124439 -0.024513599 0.001302385 0.999685466
1773244745.610734 -0.042846486 0.135106236 1.038073301 0.005401985 -0.023379985 0.001080720 0.999711454
1773244745.638776 -0.044369821 0.133633837 1.039543033 0.003957042 -0.021962283 0.001670381 0.999749541
1773244745.682928 -0.040867306 0.135501817 1.042647719 0.005491691 -0.025106257 0.001944168 0.999667823
1773244745.705538 -0.042846922 0.134836048 1.043572307 0.004409949 -0.023378311 0.001684067 0.999715507
1773244745.737665 -0.042234033 0.135521427 1.045282722 0.005231296 -0.024278197 0.001279358 0.999690711
1773244745.778348 -0.043324593 0.136251271 1.046961784 0.005580708 -0.023193114 0.001864623 0.999713659
1773244745.805445 -0.040124681 0.136848703 1.049966455 0.006087129 -0.026401509 0.001768961 0.999631286
1773244745.846433 -0.042660389 0.135709405 1.051162243 0.004740162 -0.024500698 0.002024017 0.999686539
1773244745.871109 -0.043142751 0.136782497 1.052414417 0.005529206 -0.024567220 0.001867579 0.999681175
1773244745.911165 -0.042311374 0.136187077 1.054612875 0.004848035 -0.025411999 0.001986462 0.999663353
1773244745.937792 -0.042330116 0.137342170 1.056474686 0.006096882 -0.025642825 0.001622154 0.999651253
1773244745.970582 -0.042602185 0.137278453 1.057877302 0.005694188 -0.025726764 0.002574645 0.999649465
1773244746.010731 -0.041736435 0.136101454 1.059597135 0.004660873 -0.026701543 0.002065572 0.999630451
1773244746.038812 -0.041078653 0.137457028 1.061928868 0.005479948 -0.027702913 0.001769960 0.999599636
1773244746.078785 -0.041926757 0.138702169 1.063662648 0.006673459 -0.027051048 0.000999393 0.999611259
1773244746.105386 -0.042638175 0.140394777 1.064858079 0.008386752 -0.026681308 0.000484274 0.999608696
1773244746.138914 -0.041952867 0.138415441 1.066910863 0.005512286 -0.027477305 0.001351350 0.999606311
1773244746.177870 -0.042535067 0.138343006 1.068576455 0.005795832 -0.026857303 0.001744721 0.999620974
1773244746.204952 -0.043805547 0.138005897 1.069885254 0.004989579 -0.025900980 0.001630307 0.999650717
1773244746.244367 -0.043924056 0.137789845 1.071389794 0.004537829 -0.025845619 0.001899845 0.999653876
1773244746.271706 -0.043792725 0.138993680 1.073170543 0.005590418 -0.026307154 0.001629107 0.999636948
1773244746.311047 -0.044388298 0.138736337 1.075098157 0.005012105 -0.026042243 0.001286841 0.999647439
1773244746.339638 -0.042867005 0.139662191 1.077825189 0.005567814 -0.027447881 0.001875728 0.999605954
1773244746.390909 -0.043306492 0.140026823 1.079633236 0.005872872 -0.027422547 0.001360270 0.999605775
1773244746.410273 -0.040951315 0.140443116 1.082009315 0.005619929 -0.029834976 0.002341230 0.999536276
1773244746.439456 -0.044612907 0.141492262 1.083041310 0.006866117 -0.026517948 0.001640783 0.999623418
1773244746.476944 -0.044047445 0.141289949 1.084613919 0.006360346 -0.027648628 0.002228913 0.999594927
1773244746.504641 -0.044441953 0.142450839 1.086532235 0.007186687 -0.027858170 0.002063878 0.999583900
1773244746.539556 -0.044577755 0.140310258 1.088502169 0.005037668 -0.027753908 0.001356548 0.999601126
1773244746.577434 -0.044108547 0.141225711 1.090505481 0.005799450 -0.028538838 0.001844013 0.999574125
1773244746.604658 -0.044800639 0.141661480 1.092282057 0.005855460 -0.028082460 0.002153830 0.999586105
1773244746.644978 -0.045679204 0.140901431 1.093818426 0.004657283 -0.027654884 0.002420152 0.999603748
1773244746.672580 -0.046910711 0.140648291 1.095254540 0.004472143 -0.026706301 0.001603996 0.999632001
1773244746.712516 -0.047255542 0.140033945 1.097146630 0.003485556 -0.026662301 0.002844956 0.999634385
1773244746.739199 -0.043834366 0.142514661 1.100333095 0.005760494 -0.030707045 0.001986981 0.999509871
1773244746.772109 -0.044616394 0.142734811 1.102002501 0.005823064 -0.030396452 0.001630797 0.999519646
1773244746.811021 -0.045788303 0.142485842 1.103351235 0.005455493 -0.029293956 0.002264519 0.999553382
1773244746.839625 -0.044088684 0.144214377 1.106304646 0.006919365 -0.031603638 0.001502647 0.999475420
1773244746.879574 -0.045854270 0.142973095 1.107528329 0.005468644 -0.029889885 0.000761037 0.999537945
1773244746.905436 -0.045250945 0.143262118 1.109809875 0.005158165 -0.030959452 0.001572495 0.999506116
1773244746.939672 -0.045258656 0.143038973 1.112123370 0.004625427 -0.031561900 0.002077574 0.999488890
1773244746.978386 -0.044030145 0.143536016 1.114618301 0.004548138 -0.033347562 0.002241626 0.999430954
1773244747.005790 -0.046179011 0.143062249 1.115561128 0.004039981 -0.031554203 0.002325613 0.999491155
1773244747.044943 -0.045226313 0.144167662 1.117481112 0.004802599 -0.033383768 0.002180446 0.999428689
1773244747.073437 -0.045732647 0.145547196 1.119420648 0.006088424 -0.033376947 0.001291897 0.999423444
1773244747.112626 -0.044923674 0.145616427 1.121512532 0.005690488 -0.034739073 0.001525643 0.999379039
1773244747.139649 -0.047176339 0.145210266 1.122622848 0.005379939 -0.032906085 0.001803128 0.999442339
1773244747.173785 -0.048597299 0.144549951 1.124257088 0.003822506 -0.032008629 0.002637810 0.999476790
1773244747.212266 -0.044759929 0.146848887 1.127692580 0.006181177 -0.036485240 0.002075881 0.999312937
1773244747.239480 -0.046213686 0.145793229 1.128787875 0.004621392 -0.035379276 0.002152460 0.999360919
1773244747.278444 -0.046520598 0.146475926 1.130955696 0.004844523 -0.035553396 0.002079740 0.999353886
1773244747.306829 -0.048080184 0.146073744 1.132213354 0.004139946 -0.034407012 0.001992638 0.999397337
1773244747.340449 -0.048427962 0.144993514 1.133858681 0.003002732 -0.034926984 0.002222457 0.999382913
1773244747.379216 -0.048998334 0.145893693 1.135577440 0.003426916 -0.034717146 0.002359639 0.999388516
1773244747.406450 -0.049144469 0.145944268 1.137583017 0.002923460 -0.035125826 0.002149581 0.999376297
1773244747.446494 -0.047773357 0.147009701 1.139795184 0.004278565 -0.036768526 0.002413664 0.999311745
1773244747.473627 -0.048739739 0.147083461 1.141821742 0.003877977 -0.036447100 0.002614955 0.999324620
1773244747.516708 -0.047221534 0.148146719 1.143907070 0.004774872 -0.038648449 0.002725452 0.999237716
1773244747.539393 -0.048594449 0.148823664 1.145052314 0.005687959 -0.038093325 0.001894020 0.999256253
1773244747.573200 -0.048053291 0.149190336 1.146592259 0.005480307 -0.038942650 0.002690430 0.999222815
1773244747.612983 -0.047943447 0.149277970 1.148327231 0.005284303 -0.039773595 0.002143558 0.999192417
1773244747.639595 -0.049496941 0.148405746 1.150126457 0.004029016 -0.039023563 0.002551876 0.999226868
1773244747.680061 -0.048993889 0.149034768 1.151864767 0.004711381 -0.040132020 0.002824060 0.999179304
1773244747.706635 -0.049402062 0.148172095 1.153983116 0.003522626 -0.040911861 0.002876497 0.999152422
1773244747.741242 -0.049152974 0.150649264 1.155512571 0.006142774 -0.041773152 0.002696917 0.999104619
1773244747.780750 -0.048859980 0.150417060 1.157252908 0.005388417 -0.043116525 0.002291207 0.999052882
1773244747.806957 -0.049559612 0.150627434 1.157846451 0.006180063 -0.042686716 0.002414259 0.999066472
1773244747.850563 -0.049847726 0.150299311 1.160389543 0.004885586 -0.043440018 0.003814248 0.999036789
1773244747.872884 -0.051081017 0.150674313 1.161569238 0.005803612 -0.042629994 0.002731584 0.999070346
1773244747.913875 -0.050179798 0.150247440 1.163620353 0.005012119 -0.044333901 0.003646254 0.998997569
1773244747.941636 -0.049808227 0.151448146 1.165065527 0.005719226 -0.045379721 0.003033222 0.998948812
1773244747.975078 -0.049800172 0.151194468 1.166857600 0.005662483 -0.046024080 0.003458965 0.998918295
1773244748.013637 -0.051213559 0.150257111 1.167919993 0.003805492 -0.045204382 0.003808870 0.998963237
1773244748.041252 -0.051499013 0.151904508 1.169245243 0.006150029 -0.045486845 0.002807224 0.998942077
1773244748.080488 -0.051138669 0.152684465 1.171548486 0.006268787 -0.046621807 0.003764046 0.998885870
1773244748.106866 -0.051905118 0.151434898 1.172579527 0.004725391 -0.046095382 0.003210094 0.998920739
1773244748.141634 -0.052442752 0.152957886 1.174263239 0.006237336 -0.046072990 0.003238494 0.998913348
1773244748.180034 -0.051022254 0.153330207 1.176512837 0.006220180 -0.048693422 0.004157967 0.998785734
1773244748.208062 -0.051403858 0.154366016 1.177636862 0.007355658 -0.048700500 0.003215036 0.998781145
1773244748.248901 -0.051165700 0.152347103 1.179674506 0.004614433 -0.049705211 0.004467966 0.998743296
1773244748.275671 -0.051611833 0.153660700 1.181159258 0.005404144 -0.050171807 0.004992127 0.998713493
1773244748.314293 -0.052956291 0.153470591 1.182636738 0.005593437 -0.049226586 0.004194641 0.998763144
1773244748.342159 -0.054871581 0.152358741 1.183979750 0.003295946 -0.048102401 0.005033317 0.998824298
1773244748.375279 -0.056516625 0.152042150 1.185321927 0.003202204 -0.046672810 0.004542361 0.998894751
1773244748.414824 -0.054439642 0.153700531 1.187886477 0.004573131 -0.050172869 0.004189319 0.998721302
1773244748.441698 -0.054228239 0.154552951 1.190086484 0.004961091 -0.051186442 0.004445044 0.998666883
1773244748.480875 -0.055417582 0.157423675 1.191161394 0.009017832 -0.050532605 0.003674431 0.998674929
1773244748.508366 -0.053269848 0.156989798 1.194262028 0.007705546 -0.054481063 0.004818382 0.998473406
1773244748.541692 -0.053860031 0.156468019 1.195643067 0.006903018 -0.054730084 0.005181271 0.998463869
1773244748.581469 -0.053840362 0.155672878 1.197233081 0.005588916 -0.055475350 0.004779256 0.998432994
1773244748.608923 -0.054256588 0.157067299 1.198598742 0.007307434 -0.055693503 0.004952807 0.998408854
1773244748.648230 -0.053821109 0.158075452 1.200528264 0.007880283 -0.056980681 0.005026720 0.998331487
1773244748.674191 -0.052527644 0.156769499 1.203447700 0.006106360 -0.059895620 0.006022793 0.998167813
1773244748.715909 -0.052168593 0.157834262 1.205674052 0.006519513 -0.061182510 0.006693389 0.998082876
1773244748.743832 -0.052139156 0.156083167 1.207360983 0.003987691 -0.061879210 0.006766876 0.998052716
1773244748.775867 -0.053545147 0.156437382 1.208610058 0.004451139 -0.060769763 0.005928033 0.998124301
1773244748.815037 -0.053797342 0.158175275 1.210388064 0.006398654 -0.061622325 0.006490175 0.998057902
1773244748.842175 -0.053722300 0.157954335 1.212494135 0.005417848 -0.062779702 0.006319594 0.997992694
1773244748.883674 -0.054325201 0.158261165 1.214053988 0.006348845 -0.063019410 0.006501634 0.997970939
1773244748.908012 -0.054641180 0.158344671 1.215613604 0.005504762 -0.063553229 0.006692023 0.997940838
1773244748.942189 -0.055409007 0.159374535 1.217182398 0.007253373 -0.063641369 0.006548332 0.997925043
1773244748.980392 -0.054685526 0.157847852 1.218969584 0.004512329 -0.065664157 0.007498379 0.997803390
1773244749.009954 -0.055410728 0.158692807 1.220622540 0.004994646 -0.065660335 0.006455458 0.997808635
1773244749.047549 -0.056256495 0.158954874 1.222778320 0.004653743 -0.066190608 0.006845057 0.997772694
1773244749.074118 -0.055194288 0.159767956 1.224631906 0.006000532 -0.068551444 0.006947989 0.997605324
1773244749.108087 -0.056389429 0.159723222 1.225883961 0.005591867 -0.068056434 0.006897645 0.997641921
1773244749.148389 -0.057625115 0.158409655 1.227576852 0.003436727 -0.067697138 0.006907268 0.997676075
1773244749.175968 -0.057313360 0.159016982 1.229438782 0.003875211 -0.069481581 0.006758593 0.997552812
1773244749.214596 -0.057160519 0.160376221 1.231898308 0.005690391 -0.071488470 0.006909737 0.997401237
1773244749.241954 -0.056881487 0.160707861 1.233349442 0.005684414 -0.072974332 0.006364027 0.997297287
1773244749.283392 -0.057380840 0.161158860 1.235459208 0.006410227 -0.073563345 0.007146136 0.997244358
1773244749.309342 -0.058946811 0.159753010 1.236603737 0.003815665 -0.072770812 0.006875150 0.997317731
1773244749.343080 -0.059355780 0.159620047 1.238499045 0.003175183 -0.073880076 0.006989186 0.997237563
1773244749.381841 -0.059675790 0.160212412 1.239617467 0.003483893 -0.075022787 0.006990825 0.997151256
1773244749.408767 -0.060029849 0.160556406 1.241156220 0.004188778 -0.075873047 0.006943797 0.997084498
1773244749.453650 -0.059912398 0.159300163 1.244291782 0.001260091 -0.078263596 0.007983349 0.996899962
1773244749.475996 -0.060216948 0.159443855 1.245871067 0.000459013 -0.079248637 0.008656622 0.996817172
1773244749.510870 -0.061082557 0.161164552 1.247108698 0.003478884 -0.079373352 0.007741551 0.996808827
1773244749.553348 -0.059925899 0.160054654 1.250362039 0.001223738 -0.083684571 0.008064486 0.996458888
1773244749.576166 -0.057784230 0.160115555 1.253466010 0.000922866 -0.089424193 0.007954159 0.995961487
1773244749.616962 -0.060327038 0.163319528 1.254210234 0.005116940 -0.086655758 0.008544262 0.996188581
1773244749.641810 -0.065851375 0.164479926 1.253780961 0.006332422 -0.079753153 0.009023837 0.996753693
1773244749.690172 -0.061339214 0.167070389 1.259348989 0.009882362 -0.089716554 0.009595904 0.995872080
1773244749.710482 -0.061356395 0.165982157 1.261441827 0.008152318 -0.092048228 0.009697610 0.995673954
1773244749.742981 -0.061808050 0.166414633 1.263199568 0.008417648 -0.093222350 0.009636534 0.995563090
1773244749.783393 -0.062536106 0.167296797 1.264772058 0.009360709 -0.093914807 0.009581341 0.995490134
1773244749.809271 -0.063717529 0.167924717 1.266558647 0.010087566 -0.094353504 0.009713883 0.995440245
1773244749.849344 -0.063673005 0.167599455 1.268806100 0.009202648 -0.096700422 0.010305634 0.995217621
1773244749.876003 -0.063129395 0.163875505 1.269896269 0.002894025 -0.099497870 0.010278018 0.994980454
1773244749.910506 -0.064525798 0.169075534 1.271937609 0.010714775 -0.099455103 0.011114485 0.994922280
1773244749.950262 -0.064855129 0.168807060 1.273992658 0.009926705 -0.101385377 0.010871287 0.994738340
1773244749.977460 -0.065596312 0.169133708 1.275393486 0.010419732 -0.102296203 0.011269582 0.994635582
1773244750.020736 -0.065774143 0.167965278 1.277423382 0.008115661 -0.104716524 0.010889692 0.994409382
1773244750.043159 -0.066725254 0.168441698 1.279080987 0.008760276 -0.105674736 0.011213535 0.994298935
1773244750.085832 -0.066410884 0.169102773 1.281181335 0.009321786 -0.108642466 0.011778117 0.993967414
1773244750.113023 -0.066421315 0.168826610 1.283239841 0.008746154 -0.111249827 0.012086024 0.993680477
1773244750.144003 -0.066893235 0.168761984 1.284201264 0.008683981 -0.112634413 0.012444783 0.993520617
1773244750.183243 -0.066960305 0.170444503 1.286830187 0.010941674 -0.115460336 0.012310321 0.993175566
1773244750.209467 -0.067806065 0.169822425 1.288391709 0.009287423 -0.117148809 0.013008092 0.992985785
1773244750.249301 -0.067658111 0.170730323 1.289603829 0.011076914 -0.119343899 0.013171264 0.992703795
1773244750.276950 -0.068368345 0.170253754 1.291640759 0.010204158 -0.121356584 0.013086560 0.992470264
1773244750.310990 -0.068169177 0.171389252 1.293819666 0.011259812 -0.124476060 0.013885546 0.992061496
1773244750.349723 -0.069424406 0.171284869 1.294563651 0.011301735 -0.124325924 0.014580154 0.992069900
1773244750.377573 -0.069961488 0.169945821 1.296247482 0.008053297 -0.126302734 0.013736617 0.991863966
1773244750.418686 -0.070558190 0.169410959 1.297427773 0.007840380 -0.127908945 0.013920026 0.991657257
1773244750.445619 -0.070724696 0.170198470 1.299271822 0.008348066 -0.130900368 0.014430616 0.991255403
1773244750.483230 -0.071310937 0.170778856 1.300812483 0.009244062 -0.132937759 0.014813152 0.990970612
1773244750.511609 -0.072338432 0.171451136 1.302469730 0.009853296 -0.134504259 0.014712381 0.990754783
1773244750.542832 -0.072830468 0.170941845 1.303770781 0.009579664 -0.136912093 0.014107758 0.990436375
1773244750.585778 -0.073746860 0.172599465 1.305324912 0.011632868 -0.139026061 0.014979704 0.990107059
1773244750.611298 -0.073952138 0.172652185 1.307206154 0.011505806 -0.142970473 0.015912216 0.989532173
1773244750.654428 -0.075419784 0.171693355 1.308158636 0.009992482 -0.144370988 0.015573832 0.989350617
1773244750.678518 -0.076147497 0.171308100 1.309851050 0.008948334 -0.147704855 0.015982727 0.988861859
1773244750.710174 -0.076893389 0.172033295 1.311431170 0.010091452 -0.150851831 0.016748812 0.988362968
1773244750.750343 -0.077630430 0.172932297 1.312661290 0.011278947 -0.154445246 0.017123561 0.987788558
1773244750.778404 -0.078723669 0.173630103 1.313598275 0.012896747 -0.157323390 0.017104141 0.987314761
1773244750.817735 -0.079169661 0.173756093 1.315796614 0.012103516 -0.162128806 0.017771758 0.986535311
1773244750.945906 -0.080615431 0.173315287 1.317047358 0.011743640 -0.164878801 0.018665193 0.986067295
1773244751.015148 -0.084573835 0.173458040 1.321760654 0.011623194 -0.178500846 0.020731775 0.983652651
1773244751.025618 -0.085125864 0.174674928 1.323753595 0.013022129 -0.183385864 0.020331517 0.982744455
1773244751.050643 -0.086809188 0.174189806 1.324514985 0.012384808 -0.185221761 0.020190580 0.982411265
1773244751.078690 -0.086937577 0.173925996 1.326104999 0.011823711 -0.190110028 0.021319970 0.981460035
1773244751.111934 -0.088075668 0.175440490 1.326772928 0.014666210 -0.193249375 0.021992885 0.980793476
1773244751.149834 -0.089210898 0.174280062 1.327907681 0.011756640 -0.196322635 0.021241505 0.980238736
1773244751.179031 -0.090722829 0.173144236 1.329007983 0.009693572 -0.198608458 0.022788642 0.979766011
1773244751.218968 -0.091314822 0.174503759 1.330345273 0.011788758 -0.202517226 0.023059335 0.978936195
1773244751.245344 -0.092273712 0.174787745 1.331535578 0.012383851 -0.205894023 0.023367848 0.978216887
1773244751.291588 -0.093191445 0.174833208 1.332481027 0.012649524 -0.209384814 0.023636859 0.977465749
1773244751.312368 -0.093970060 0.175011948 1.333418012 0.012457754 -0.213007435 0.024797961 0.976656377
1773244751.346122 -0.095133096 0.175203413 1.334822178 0.012856822 -0.216278449 0.024945434 0.975928307
1773244751.386224 -0.096492887 0.175705731 1.335774779 0.013906625 -0.218855113 0.025050052 0.975336611
1773244751.413024 -0.097267747 0.175759688 1.337207437 0.013429875 -0.223297864 0.026454836 0.974298656
1773244751.452748 -0.098298430 0.174444199 1.338291049 0.010727679 -0.226386592 0.026661238 0.973613501
1773244751.477757 -0.098981589 0.175605714 1.339247704 0.013840074 -0.230278403 0.025958365 0.972680092
1773244751.512858 -0.100214064 0.176354170 1.340538263 0.014340703 -0.233705014 0.027143382 0.971822798
1773244751.559365 -0.101034611 0.176791906 1.341791391 0.015502418 -0.237489447 0.026805192 0.970896423
1773244751.579409 -0.102039456 0.175589174 1.342412472 0.012870739 -0.240475118 0.028429491 0.970153511
1773244751.624531 -0.103162318 0.176542893 1.344413400 0.014403508 -0.244224116 0.028054373 0.969205916
1773244751.650474 -0.104046166 0.177651733 1.345556259 0.016883431 -0.248034969 0.027757637 0.968206167
1773244751.683653 -0.105335861 0.176005155 1.346595764 0.013383668 -0.251047552 0.028440323 0.967464268
1773244751.712658 -0.106875002 0.176689789 1.347416282 0.014739833 -0.254099637 0.028940739 0.966632545
1773244751.746330 -0.108563662 0.176682830 1.348055482 0.014038997 -0.256622672 0.029852666 0.965948522
1773244751.791967 -0.109411627 0.176064521 1.349140048 0.012827212 -0.260534316 0.030588308 0.964894712
1773244751.821349 -0.110455394 0.174788564 1.350354671 0.009597761 -0.264697790 0.031972948 0.963753462
1773244751.851629 -0.111840963 0.175207555 1.351956367 0.010691907 -0.268667758 0.031973563 0.962642729
1773244751.878102 -0.112881362 0.175886914 1.353388309 0.011562447 -0.272655994 0.032178495 0.961503804
1773244751.911886 -0.114077508 0.177346289 1.354132414 0.014530973 -0.276454240 0.032046650 0.960382700
1773244751.952361 -0.115501344 0.177629709 1.354955554 0.014799664 -0.279560566 0.032412741 0.959466636
1773244751.981067 -0.116740823 0.178158924 1.356308460 0.016084414 -0.284240574 0.032980908 0.958050549
1773244752.018952 -0.118432045 0.177694023 1.357913375 0.014563103 -0.287830710 0.032974176 0.957002699
1773244752.046372 -0.119372904 0.178009927 1.358452439 0.015462780 -0.291481465 0.033604760 0.955860972
1773244752.084459 -0.121507227 0.178359047 1.358753562 0.015280550 -0.293716639 0.034656513 0.955141842
1773244752.113125 -0.122419655 0.178918093 1.359870911 0.017576031 -0.298220962 0.033907313 0.953732431
1773244752.147223 -0.123909593 0.178222477 1.361065388 0.014808824 -0.301630735 0.035214622 0.952659190
1773244752.184347 -0.125064313 0.178161949 1.362412453 0.014833258 -0.305697531 0.035340659 0.951356947
1773244752.212897 -0.126251519 0.178062975 1.363802433 0.014669302 -0.310177743 0.036099344 0.949879646
1773244752.257106 -0.127094924 0.177249715 1.364868164 0.013316592 -0.314492375 0.036133453 0.948478520
1773244752.279731 -0.129314959 0.177584127 1.364995122 0.013533980 -0.316163182 0.037218750 0.947877824
1773244752.324350 -0.130242229 0.177673861 1.366242290 0.013591337 -0.320400238 0.037255611 0.946451783
1773244752.350080 -0.131500125 0.177987963 1.367695689 0.014239976 -0.324407548 0.037618283 0.945061803
1773244752.380109 -0.132398367 0.178112581 1.368777394 0.015295763 -0.328984737 0.037763808 0.943455875
1773244752.420671 -0.134816110 0.178090096 1.368665934 0.014046036 -0.329919666 0.039192479 0.943090498
1773244752.446752 -0.135693073 0.177756488 1.369786859 0.013079246 -0.334218234 0.040376224 0.941539645
1773244752.485765 -0.136162162 0.177907467 1.370390177 0.013918100 -0.338736236 0.040492505 0.939906597
1773244752.512997 -0.136780500 0.177699372 1.371207237 0.012028816 -0.344456613 0.040926538 0.937832594
1773244752.547393 -0.137843430 0.177188843 1.372670650 0.012315519 -0.347705215 0.041839596 0.936588943
1773244752.586458 -0.138946831 0.176495939 1.374181032 0.009817343 -0.352236748 0.042308055 0.934902668
1773244752.612489 -0.140169621 0.176955283 1.375170708 0.010951754 -0.356254518 0.041423280 0.933406055
1773244752.653943 -0.140688002 0.176033497 1.375966549 0.008529275 -0.360909015 0.042134933 0.931609690
1773244752.680384 -0.141274929 0.175582498 1.376741529 0.008428195 -0.365045398 0.042518951 0.929980099
1773244752.714117 -0.142110527 0.174897581 1.377891064 0.006199451 -0.369624734 0.042254634 0.928199172
1773244752.752760 -0.143035471 0.174550757 1.379159689 0.005198163 -0.373550653 0.042068232 0.926640809
1773244752.780035 -0.143860579 0.173737586 1.380336881 0.002728389 -0.378353536 0.042768337 0.924668610
1773244752.825034 -0.144709408 0.173082396 1.381505013 0.001325742 -0.383210182 0.042797901 0.922668159
1773244752.846624 -0.145572543 0.172261357 1.382733822 -0.001620561 -0.387454629 0.044411700 0.920816958
1773244752.886078 -0.146592140 0.171721041 1.384038925 -0.003253657 -0.392683804 0.042867515 0.918668151
1773244752.914972 -0.147775590 0.171244293 1.385719657 -0.004402778 -0.397817910 0.042389791 0.916473985
1773244752.948410 -0.148251534 0.170590952 1.386348963 -0.005835479 -0.402750790 0.042649474 0.914296865
1773244752.988361 -0.149681211 0.170575798 1.388160467 -0.007023944 -0.407229036 0.043389723 0.912267745
1773244753.014887 -0.150491714 0.171174839 1.388997078 -0.004890666 -0.412923992 0.043835871 0.909696817
1773244753.054462 -0.151052117 0.171919420 1.389599562 -0.003781217 -0.417607218 0.045740228 0.907467782
1773244753.081310 -0.152046084 0.172756776 1.390794516 -0.001132380 -0.423212230 0.045616399 0.904880822
1773244753.114297 -0.152241409 0.172903478 1.391020536 -0.001560048 -0.428760648 0.046191998 0.902235091
1773244753.152339 -0.152467489 0.173086852 1.391283512 0.002186367 -0.432571977 0.043203443 0.900561035
1773244753.180858 -0.152081430 0.173397750 1.390565515 0.000458030 -0.433352649 0.048303954 0.899928868
1773244753.221404 -0.154435277 0.172839969 1.388473749 -0.000691661 -0.431284487 0.047355577 0.900972068
1773244753.247568 -0.154160857 0.176489115 1.386539698 0.008127236 -0.431885272 0.051412351 0.900425375
1773244753.293347 -0.156395078 0.175640702 1.387474060 0.004108076 -0.436289430 0.052113574 0.898286581
1773244753.312906 -0.157397747 0.174614593 1.388873577 0.001023542 -0.441723645 0.052863643 0.895591736
1773244753.348899 -0.157816708 0.175309166 1.388143539 0.002834006 -0.443809092 0.053619653 0.894511282
1773244753.391653 -0.159187257 0.176782593 1.389755845 0.006822614 -0.450377941 0.054318506 0.891158044
1773244753.419895 -0.159153223 0.176773429 1.388193846 0.006698950 -0.450483114 0.055335969 0.891043186
1773244753.453015 -0.160870731 0.174737379 1.386994362 0.002495273 -0.450729966 0.054310240 0.891003191
1773244753.480827 -0.161683202 0.175167769 1.387831688 0.003145994 -0.455268145 0.055776250 0.888600051
1773244753.514227 -0.162520826 0.175302148 1.388264298 0.003606484 -0.460126072 0.055182237 0.886129737
1773244753.554650 -0.163334787 0.175899446 1.388308764 0.004642892 -0.463168323 0.056927208 0.884428024
1773244753.580599 -0.164055288 0.175677836 1.387887716 0.002389681 -0.466073990 0.058983233 0.882774234
1773244753.620402 -0.165170670 0.177384436 1.388294458 0.008485053 -0.469911993 0.058974136 0.880700171
1773244753.648369 -0.165638506 0.175951913 1.389066577 0.005576621 -0.474693835 0.056793440 0.878299057
1773244753.686430 -0.166224718 0.174566627 1.389019966 0.002523570 -0.478350550 0.056437232 0.876349926
1773244753.714696 -0.167712510 0.172945678 1.389873385 -0.002012801 -0.482024223 0.057140302 0.874290347
1773244753.747564 -0.167991400 0.172088638 1.390136361 -0.002591136 -0.486170292 0.055012982 0.872126877
1773244753.787589 -0.168553829 0.169427454 1.390650630 -0.013219266 -0.489356399 0.055983182 0.870184660
1773244753.813833 -0.170435667 0.168597400 1.391858101 -0.015728241 -0.492787570 0.055842869 0.868213475
1773244753.853719 -0.170780420 0.170044497 1.391731858 -0.007510681 -0.498653919 0.053224448 0.865132987
1773244753.880949 -0.171810567 0.172154516 1.392363191 -0.002531342 -0.502889216 0.055597074 0.862557292
1773244753.915133 -0.172286928 0.174739242 1.392092705 0.005118870 -0.507122517 0.057436738 0.859942734
1773244753.955153 -0.173453152 0.177419215 1.391645908 0.008271037 -0.508572936 0.063792631 0.858612657
1773244753.982424 -0.174472213 0.178927362 1.391484737 0.010866958 -0.511257589 0.067553684 0.856699526
1773244754.024272 -0.174739778 0.180299133 1.391499996 0.014218240 -0.515310347 0.069283381 0.854080141
1773244754.048876 -0.175916851 0.182570145 1.391701221 0.018619297 -0.519217730 0.073474146 0.851274252
1773244754.087523 -0.176537335 0.184871420 1.391701579 0.023692412 -0.522269785 0.076000810 0.849056423
1773244754.115299 -0.177837640 0.187303692 1.392016172 0.029448412 -0.526631773 0.078735262 0.845927000
1773244754.148052 -0.178486258 0.188189417 1.391917229 0.028105114 -0.529934883 0.084062129 0.843393564
1773244754.188065 -0.178983003 0.188846231 1.393988490 0.032597203 -0.538253963 0.082085177 0.838142097
1773244754.214941 -0.180639952 0.189209640 1.392877698 0.033495296 -0.537727535 0.082410477 0.838412583
1773244754.257325 -0.181281567 0.188290924 1.392450690 0.030250933 -0.540441811 0.083613411 0.836669803
1773244754.286595 -0.182052314 0.186664492 1.394171715 0.025830569 -0.547632575 0.085880764 0.831898928
1773244754.314644 -0.182110101 0.186931908 1.393417597 0.027582271 -0.550638914 0.084298640 0.830017924
1773244754.355236 -0.182730973 0.186716467 1.395512104 0.027616151 -0.558036983 0.083151542 0.825177491
1773244754.382091 -0.184044212 0.185464069 1.394229412 0.026187863 -0.558321118 0.082346946 0.825112522
1773244754.423875 -0.185183138 0.183369324 1.394429445 0.020907935 -0.561703801 0.082645476 0.822934628
1773244754.449225 -0.184038430 0.181776732 1.394700766 0.017717209 -0.567315578 0.079575375 0.819455206
1773244754.489655 -0.184429258 0.179350242 1.394784093 0.013402856 -0.570588470 0.075443596 0.817653596
1773244754.514881 -0.184040368 0.176435277 1.395415545 0.007520219 -0.576305270 0.072445504 0.813982427
1773244754.548224 -0.184487700 0.172132686 1.396289825 -0.002805454 -0.581773877 0.068577871 0.810449541
1773244754.588776 -0.183666706 0.168959737 1.396261096 -0.009247711 -0.586116254 0.061664913 0.807824016
1773244754.615962 -0.182757467 0.165850684 1.397175670 -0.016636152 -0.592917204 0.056863215 0.803080916
1773244754.654738 -0.182823181 0.161146581 1.397392392 -0.027814129 -0.596474588 0.051699083 0.800482094
1773244754.682410 -0.183541417 0.160156742 1.397119284 -0.030535650 -0.598231792 0.053262923 0.798967600
