1773244725.280085 0.005309517 0.003837340 0.007625259 0.002764475 0.002672962 0.000381533 0.999992549
1773244725.314641 0.005854766 0.003877090 0.008523678 0.002603550 0.002821706 0.000244865 0.999992609
1773244725.353310 0.020331074 0.013821484 0.030012282 0.005301191 0.000067850 -0.000023030 0.999985933
1773244725.381190 0.020669121 0.022730352 0.033363871 0.008912885 0.000199462 0.000571492 0.999960065
1773244725.431259 0.023021869 0.019647734 0.035058536 0.007725377 0.000312323 0.000159410 0.999970078
1773244725.447830 0.023814887 0.023642097 0.039390024 0.009019171 0.000087561 0.000532278 0.999959171
1773244725.486824 0.025740182 0.023184378 0.043044489 0.008868257 0.000177597 0.000642437 0.999960423
1773244725.514927 0.026831251 0.022602469 0.045264740 0.008139587 0.000587985 0.000426577 0.999966621
1773244725.547780 0.027441170 0.029495170 0.048070557 0.011614178 0.000549241 0.001136493 0.999931753
1773244725.591794 0.030402590 0.027418826 0.053469785 0.009873836 -0.000344028 0.000928670 0.999950767
1773244725.614878 0.031663604 0.032363579 0.056144692 0.012836284 -0.001047277 0.001258028 0.999916255
1773244725.653857 0.031814255 0.032112166 0.057125423 0.012210680 -0.000682033 0.001574554 0.999923944
1773244725.681628 0.008861417 0.006492218 0.017163208 0.003463454 0.007824438 0.000290349 0.999963343
1773244725.715201 0.008904914 0.006601583 0.018426130 0.003086103 0.008000771 0.000719212 0.999962986
1773244725.752942 0.023212591 0.023174908 0.048436839 0.009757303 0.000901585 0.002122888 0.999949753
1773244725.781301 0.024941368 0.024172869 0.051361371 0.010059195 0.000099568 0.002065107 0.999947250
1773244725.821868 0.026061850 0.024067355 0.054241847 0.010178482 -0.000494121 0.001848958 0.999946356
1773244725.849508 0.025041411 0.024117891 0.053602479 0.009791142 -0.000075219 0.002587652 0.999948680
1773244725.889798 0.025940152 0.024978908 0.055466607 0.010082236 -0.000244674 0.002582821 0.999945760
1773244725.915277 0.027854363 0.026481949 0.059202608 0.010469060 -0.001679532 0.002729533 0.999940038
1773244725.948743 0.028298547 0.028591156 0.062661551 0.011707051 -0.002418062 0.002703290 0.999924898
1773244725.987529 0.028866980 0.029189043 0.064456753 0.012018956 -0.002617174 0.002902214 0.999920130
1773244726.015423 0.027602341 0.029255429 0.064226210 0.011987653 -0.001776763 0.002626830 0.999923110
1773244726.054404 0.027044186 0.027695250 0.063269489 0.011383965 -0.001806061 0.003214389 0.999928415
1773244726.081028 0.027037585 0.027673332 0.064142175 0.010919996 -0.001819051 0.003138033 0.999933839
1773244726.115210 0.005488223 0.006691220 0.027169850 0.002652101 0.010041142 0.000197595 0.999946058
1773244726.156304 0.005618345 0.006674649 0.028199799 0.002379840 0.009808880 0.000131021 0.999949038
1773244726.181930 0.026730346 0.028108232 0.067191735 0.011213390 -0.001798495 0.002759531 0.999931693
1773244726.221529 0.005259749 0.007102774 0.029748807 0.002672188 0.010102388 -0.000171163 0.999945402
1773244726.248372 0.005356207 0.007138986 0.030781457 0.002261135 0.009914285 -0.000103948 0.999948263
1773244726.281234 0.005434290 0.007321809 0.031919304 0.002585606 0.009854466 -0.000325655 0.999948025
1773244726.320635 0.005253994 0.007437781 0.033291407 0.002404135 0.009758092 0.000037813 0.999949515
1773244726.348573 0.005194773 0.007150969 0.033559285 0.002293061 0.009711062 -0.000236443 0.999950171
1773244726.387793 0.005387991 0.007368285 0.034727585 0.002252426 0.009610631 -0.000377129 0.999951184
1773244726.415512 0.005640107 0.007881762 0.036588378 0.002385521 0.009234996 0.000339835 0.999954462
1773244726.453963 0.004994296 0.007955053 0.037980035 0.002486904 0.009588658 -0.000772823 0.999950647
1773244726.481728 0.004889954 0.007966424 0.038882546 0.002031717 0.009694238 -0.000675207 0.999950707
1773244726.515619 0.004876997 0.008205353 0.040118817 0.002355217 0.009923219 -0.000625297 0.999947786
1773244726.554768 0.004874806 0.008127727 0.041219253 0.002113368 0.009777476 -0.000678774 0.999949753
1773244726.582022 0.004873931 0.008474263 0.043182798 0.002345315 0.009140491 -0.000240737 0.999955416
1773244726.624314 0.004651919 0.008748404 0.043873213 0.002619005 0.009379859 -0.000746842 0.999952257
1773244726.648812 0.004619083 0.008832978 0.045028843 0.002559981 0.009162446 -0.000796454 0.999954402
1773244726.683061 0.005009597 0.009145516 0.048241228 0.002534292 0.008374195 -0.000232894 0.999961674
1773244726.721480 0.004668300 0.009156522 0.048611093 0.002417237 0.008618698 -0.000354872 0.999959886
1773244726.749497 0.004876323 0.009352865 0.050140560 0.002388838 0.008190211 -0.000081096 0.999963582
1773244726.791172 0.004782728 0.009456112 0.052458219 0.002414228 0.007628780 -0.000066616 0.999967992
1773244726.815973 0.004742534 0.009776788 0.053637322 0.002778821 0.007582023 -0.000379921 0.999967337
1773244726.857870 0.004312145 0.009710041 0.054121491 0.002416614 0.007518735 -0.000116597 0.999968767
1773244726.884209 0.004870460 0.009957943 0.056794565 0.002765547 0.006793396 -0.000304542 0.999973059
1773244726.916605 0.005314441 0.009915196 0.058479972 0.002314336 0.005985122 0.000169869 0.999979377
1773244726.955810 0.004906404 0.010080418 0.059304934 0.002618113 0.006043583 -0.000065592 0.999978304
1773244726.982005 0.004839480 0.009065177 0.047319103 0.003350285 0.005237359 0.000260831 0.999980628
1773244727.023230 0.004910901 0.009180259 0.048744813 0.003409694 0.004930716 0.000049517 0.999981999
1773244727.048856 0.005102029 0.010511943 0.063690729 0.002567362 0.005775030 -0.000399734 0.999979973
1773244727.081923 0.004498323 0.009491825 0.051051721 0.003120486 0.005250393 0.000230615 0.999981344
1773244727.123763 0.004833972 0.009609467 0.052371603 0.002893217 0.004935835 0.000725982 0.999983370
1773244727.149848 0.004831466 0.010785306 0.067312680 0.002160745 0.005550323 -0.000109990 0.999982238
1773244727.188421 0.004496733 0.010109107 0.055391103 0.003089795 0.004844193 0.000393625 0.999983430
1773244727.216317 0.004852149 0.009953952 0.056832910 0.002939045 0.004258605 0.000227558 0.999986649
1773244727.254755 0.004356838 0.010214160 0.057723310 0.002788235 0.004522794 0.000166342 0.999985874
1773244727.282087 0.004469859 0.009920378 0.054372486 0.002901042 0.004059845 0.000599681 0.999987364
1773244727.316745 0.004325498 0.010004747 0.055521186 0.003121865 0.004031975 0.000023061 0.999987006
1773244727.356325 0.004285643 0.009902963 0.056865036 0.002592495 0.003376980 0.000761462 0.999990642
1773244727.382810 0.004312900 0.010127369 0.058416829 0.002651642 0.002877352 0.001055401 0.999991775
1773244727.422204 0.004171452 0.010338171 0.059508394 0.002700454 0.002442915 0.000532375 0.999993205
1773244727.450076 0.004120059 0.010614895 0.060838416 0.002835230 0.001890498 0.000713543 0.999993920
1773244727.482351 0.003775143 0.010830043 0.062546402 0.002977837 0.001642433 0.000466456 0.999994099
1773244727.522681 0.003766753 0.011109931 0.064046174 0.003227052 0.001199797 0.000430865 0.999993980
1773244727.549284 0.003928976 0.011095768 0.065413974 0.002904516 0.000569910 0.000674759 0.999995410
1773244727.589734 0.003998234 0.011184052 0.066858709 0.003000457 -0.000152371 0.000556884 0.999995351
1773244727.617006 0.003367861 0.011374937 0.067571707 0.002829173 -0.000287225 0.001036390 0.999995410
1773244727.655350 0.003827304 0.011447323 0.069118239 0.002781794 -0.001029727 0.001208844 0.999994874
1773244727.683784 0.003589204 0.011771940 0.070311703 0.003198203 -0.001124418 0.000732777 0.999993980
1773244727.716784 0.003601746 0.011736147 0.071941659 0.002916866 -0.001711543 0.001026787 0.999993742
1773244727.757596 0.003324466 0.011932571 0.073003300 0.003291439 -0.001994205 0.000941763 0.999992132
1773244727.784554 0.003397281 0.012070255 0.074255101 0.003097917 -0.002528997 0.001145686 0.999991357
1773244727.823027 0.003421752 0.011849174 0.075743519 0.002693171 -0.003057973 0.001512450 0.999990523
1773244727.850859 0.003352473 0.012222296 0.076946348 0.002759089 -0.003448264 0.001547631 0.999989033
1773244727.883077 0.003385470 0.012410983 0.078099012 0.002894185 -0.003677061 0.001710892 0.999987602
1773244727.924249 0.003352711 0.012586715 0.080685534 0.002689027 -0.004450120 0.002169476 0.999984086
1773244727.950243 0.003582530 0.012789845 0.082021922 0.002989982 -0.005051214 0.001949242 0.999980867
1773244727.989715 0.003498902 0.012986168 0.083031528 0.002998055 -0.005732900 0.001848750 0.999977350
1773244728.017568 0.003110291 0.013307224 0.085551746 0.002929885 -0.006478287 0.002016196 0.999972701
1773244728.051043 0.003573931 0.013315174 0.087500863 0.003027012 -0.007492559 0.001780722 0.999965787
1773244728.089364 0.002814377 0.013562149 0.088196799 0.002746773 -0.007765716 0.002204749 0.999963641
1773244728.117529 0.002646138 0.013367542 0.089529678 0.002617746 -0.008329130 0.002587331 0.999958515
1773244728.155679 0.002646327 0.013364523 0.090851046 0.002391243 -0.008716875 0.002672684 0.999955595
1773244728.184660 0.002943173 0.013601869 0.092224881 0.002676171 -0.009471050 0.002971967 0.999947131
1773244728.223683 0.002572222 0.013928691 0.093566507 0.002535483 -0.009869954 0.002970118 0.999943674
1773244728.251530 0.002172661 0.014107381 0.095000938 0.002588309 -0.010271736 0.003049749 0.999939263
1773244728.284490 0.002997663 0.014177732 0.096882999 0.002503076 -0.011324131 0.002908317 0.999928474
1773244728.323394 0.002423438 0.014705544 0.098071672 0.003063579 -0.011434318 0.002948089 0.999925613
1773244728.350345 0.002114662 0.015110729 0.100048639 0.003299818 -0.011860038 0.002852559 0.999920130
1773244728.391769 0.002278889 0.015479123 0.101454720 0.003346031 -0.012533755 0.003037797 0.999911249
1773244728.418513 0.001900549 0.015258156 0.102269486 0.003014483 -0.012783616 0.003254854 0.999908447
1773244728.451479 0.001488115 0.015178038 0.103095219 0.002577685 -0.012814204 0.003222174 0.999909341
1773244728.492214 0.001420386 0.015717084 0.104647115 0.002753920 -0.013159924 0.002965160 0.999905169
1773244728.518117 0.000256080 0.015662169 0.105328649 0.002724005 -0.012823448 0.003260673 0.999908745
1773244728.558622 0.002613142 0.013103196 0.082543783 0.002854257 -0.013501575 0.002537885 0.999901533
1773244728.585098 0.002512773 0.013172120 0.083382718 0.002892788 -0.013775152 0.002621647 0.999897480
1773244728.624801 0.001022488 0.016299762 0.109768040 0.002639730 -0.014229502 0.003407060 0.999889433
1773244728.651440 0.002050849 0.013609959 0.086229749 0.002960257 -0.014148858 0.002475542 0.999892473
1773244728.686045 0.000617230 0.016312756 0.111933835 0.002483209 -0.014946586 0.003582001 0.999878764
1773244728.724707 0.000591563 0.016509607 0.113329582 0.002828618 -0.015333530 0.003372158 0.999872744
1773244728.752041 0.001420740 0.014318284 0.089952447 0.003380232 -0.014932451 0.002217613 0.999880314
1773244728.792564 0.001508733 0.014176783 0.091208458 0.003105249 -0.015459241 0.002217043 0.999873221
1773244728.818448 0.001494165 0.014131269 0.092594430 0.002783321 -0.015912000 0.002275069 0.999866903
1773244728.852180 0.001009868 0.014527015 0.093469173 0.002875876 -0.015658272 0.002529579 0.999870062
1773244728.889819 0.001772514 0.015064344 0.095715217 0.003439565 -0.016275495 0.002619215 0.999858201
1773244728.918512 0.001483409 0.014910636 0.096630983 0.002753026 -0.016250759 0.002649832 0.999860644
1773244728.957400 0.001472913 0.015316242 0.097914360 0.003278998 -0.016418813 0.002512002 0.999856651
1773244728.985426 0.001515248 0.015707394 0.099740490 0.003009271 -0.016670717 0.002745871 0.999852717
1773244729.024171 0.002078539 0.015630405 0.101296075 0.002888313 -0.017072413 0.002425416 0.999847114
1773244729.050592 0.001531836 0.015585223 0.102324769 0.002968393 -0.016863232 0.002488526 0.999850273
1773244729.084891 0.001490414 0.015508932 0.103404202 0.002845023 -0.016857756 0.002376096 0.999850988
1773244729.125949 0.001814259 0.016038299 0.104864396 0.003175238 -0.016903991 0.002381434 0.999849260
1773244729.152278 0.001881117 0.016381135 0.106173828 0.003324626 -0.016898699 0.002096767 0.999849498
1773244729.189711 0.000975351 0.016118249 0.106656015 0.002969573 -0.016035214 0.002396182 0.999864161
1773244729.218983 0.001143394 0.016539138 0.107721820 0.003315839 -0.015920874 0.002383048 0.999864936
1773244729.251699 0.001375328 0.016342403 0.108997315 0.002762113 -0.015805243 0.002262846 0.999868751
1773244729.291678 0.001982633 0.016329434 0.110778846 0.002718500 -0.016088268 0.002336818 0.999864161
1773244729.318825 0.001693538 0.016693162 0.111834973 0.002847112 -0.015365394 0.001919364 0.999876082
1773244729.358313 0.001709935 0.016921213 0.113058411 0.002699675 -0.015235837 0.002225113 0.999877810
1773244729.385904 0.001037178 0.016997019 0.114056699 0.002665735 -0.014366573 0.002244640 0.999890745
1773244729.424305 0.001519594 0.016797731 0.115816057 0.002241395 -0.014519593 0.002562078 0.999888837
1773244729.453074 0.002020161 0.016919816 0.117570519 0.002296734 -0.014586300 0.002628485 0.999887526
1773244729.486683 0.001841560 0.016720943 0.112708554 0.002369585 -0.013888857 0.002561996 0.999897420
1773244729.527356 0.002099949 0.016795479 0.114422359 0.002180731 -0.013662001 0.002601529 0.999900877
1773244729.552925 0.002766020 0.016865293 0.116139330 0.001958765 -0.013639348 0.002174602 0.999902666
1773244729.591474 0.001976015 0.016879974 0.116666526 0.002019320 -0.012370841 0.002217705 0.999918997
1773244729.618123 0.001480105 0.017324986 0.117770784 0.002033479 -0.011596498 0.001891079 0.999928892
1773244729.652366 -0.000368265 0.017826939 0.117872566 0.002309755 -0.009838792 0.001837362 0.999947250
1773244729.691844 0.001129761 0.017515477 0.120071605 0.001999528 -0.010654200 0.001825844 0.999939561
1773244729.719817 0.001554126 0.016541904 0.121987186 0.001393885 -0.010467748 0.001616490 0.999942958
1773244729.759845 0.002147846 0.017464658 0.123463377 0.001778558 -0.010399590 0.001947434 0.999942482
1773244729.785281 0.001754109 0.017665725 0.124273956 0.002232531 -0.009629117 0.001446536 0.999950111
1773244729.819937 0.001673583 0.018037478 0.125426173 0.002089360 -0.009116121 0.001773362 0.999954700
1773244729.858017 0.001999364 0.017939415 0.127122328 0.002213288 -0.008772196 0.001139255 0.999958396
1773244729.885414 0.002661688 0.018128609 0.128381670 0.002208572 -0.009014264 0.000961525 0.999956429
1773244729.927906 0.002526133 0.019019883 0.128471911 0.002682907 -0.008289633 0.001182858 0.999961317
1773244729.951722 0.002517926 0.019042803 0.129639596 0.002434422 -0.007800605 0.000961754 0.999966145
1773244729.995440 0.001527768 0.019461585 0.130293950 0.002610290 -0.006562577 0.001071176 0.999974489
1773244730.020613 0.003169425 0.019576497 0.132541656 0.002595776 -0.007179289 0.001051634 0.999970317
1773244730.053474 0.002806755 0.019277479 0.133597136 0.002484959 -0.006461100 0.001191598 0.999975324
1773244730.093169 0.002942014 0.019358849 0.134662181 0.002675558 -0.006244851 0.000971661 0.999976456
1773244730.119692 0.003222787 0.019267419 0.136074558 0.002212203 -0.005924185 0.001199594 0.999979258
1773244730.159857 0.002350770 0.019540535 0.136721954 0.002779008 -0.004652324 0.000420158 0.999985218
1773244730.186705 0.001902096 0.019649910 0.137339011 0.002447739 -0.003844050 0.000666552 0.999989390
1773244730.218686 0.001877843 0.019897902 0.138520107 0.002689543 -0.003436292 0.000517548 0.999990344
1773244730.259820 0.001605270 0.020337515 0.139251620 0.002266293 -0.002928801 0.001135478 0.999992490
1773244730.285877 0.000150450 0.020512940 0.139557466 0.002627573 -0.001401817 0.000388489 0.999995470
1773244730.326258 0.002078528 0.020065755 0.141831785 0.002446532 -0.002454323 0.000541594 0.999993861
1773244730.353602 0.001445044 0.020280709 0.142812207 0.002745579 -0.001394280 0.000211129 0.999995232
1773244730.398401 0.001175629 0.020522587 0.143585235 0.002703958 -0.000883798 0.000298687 0.999995887
1773244730.421084 0.002336131 0.020373635 0.145144135 0.002471978 -0.001112390 0.000224933 0.999996305
1773244730.453442 0.002371393 0.020829367 0.146072537 0.002498366 -0.000818035 0.000713884 0.999996305
1773244730.492244 0.001616939 0.019797677 0.147228271 0.002181128 0.000193932 -0.000805997 0.999997258
1773244730.520034 0.003012415 0.020208953 0.137105405 0.003184148 -0.000664313 0.000614998 0.999994516
1773244730.559436 0.002061446 0.020388532 0.137679458 0.003402948 0.000494480 0.000285403 0.999994040
1773244730.587162 0.002262385 0.019240944 0.139198393 0.002116197 0.000841516 0.000787202 0.999997079
1773244730.621521 0.002529479 0.019518593 0.140556350 0.002669069 0.001260688 -0.000108586 0.999995649
1773244730.659166 0.003445650 0.020024454 0.141710207 0.002771450 0.000937213 0.000227866 0.999995708
1773244730.686699 0.003565744 0.021499572 0.142592549 0.003741349 0.001319926 0.000075390 0.999992132
1773244730.727488 0.002419549 0.021692855 0.143550336 0.003570050 0.002814655 0.000197696 0.999989688
1773244730.753456 0.002950761 0.020907028 0.145042360 0.003202136 0.002876873 -0.000345604 0.999990702
1773244730.786477 0.002148841 0.021784604 0.145655468 0.003528414 0.003896738 -0.000111441 0.999986172
1773244730.827661 0.002492489 0.020279519 0.146845475 0.002553459 0.004052449 -0.000341403 0.999988437
1773244730.854155 0.002537034 0.019726591 0.147962317 0.002157028 0.004609256 -0.000640696 0.999986827
1773244730.893316 0.002066563 0.021038722 0.148939744 0.002679819 0.005504067 0.000020062 0.999981284
1773244730.919901 0.001769872 0.020410968 0.149970859 0.002457778 0.006265945 -0.000679698 0.999977112
1773244730.960050 0.001827278 0.020537972 0.150889367 0.002478921 0.006507385 -0.000462143 0.999975681
1773244730.986701 0.002192084 0.020301282 0.152202636 0.002265333 0.006531889 -0.000997554 0.999975622
1773244731.020279 0.001314095 0.020563537 0.152708337 0.002329917 0.007520942 -0.000738418 0.999968708
1773244731.062338 0.002276161 0.019603852 0.154391453 0.001478869 0.007486021 -0.001139454 0.999970257
1773244731.087851 0.001583833 0.020288693 0.154968560 0.002110358 0.008187928 -0.001577502 0.999962986
1773244731.132070 0.002928715 0.019797605 0.156788617 0.001459871 0.007497848 -0.000803907 0.999970496
1773244731.154366 0.003866474 0.018961230 0.158573434 0.001047835 0.007292546 -0.001327328 0.999971986
1773244731.186593 0.003307147 0.019134346 0.159517571 0.000846699 0.007661884 -0.000751721 0.999970019
1773244731.228179 0.003429542 0.020478362 0.141603544 0.003227605 0.008308762 -0.001123383 0.999959648
1773244731.254917 0.002836023 0.020907288 0.142387778 0.003140455 0.008863145 -0.000873790 0.999955416
1773244731.294895 0.002795899 0.020388495 0.143390208 0.002981319 0.009109541 -0.001329958 0.999953210
1773244731.321719 0.002462450 0.020486133 0.144594520 0.002817134 0.009826378 -0.001416771 0.999946773
1773244731.363955 0.002982681 0.020255869 0.145675167 0.002788663 0.009503937 -0.001602024 0.999949634
1773244731.392972 0.001982285 0.020491406 0.146374583 0.003179578 0.010738225 -0.002289374 0.999934673
1773244731.421046 0.001959059 0.020631149 0.146937221 0.002835167 0.010808650 -0.001910608 0.999935746
1773244731.460132 0.002335422 0.020635225 0.148496151 0.003143948 0.011044629 -0.002263736 0.999931514
1773244731.487061 0.002567498 0.019642049 0.149582371 0.001994449 0.010891376 -0.001172740 0.999938011
1773244731.526859 0.002209953 0.019357616 0.150291890 0.001958202 0.011487571 -0.001607937 0.999930799
1773244731.554354 0.001760961 0.019368287 0.151011676 0.001361107 0.011793469 -0.001219026 0.999928772
1773244731.588004 0.002456307 0.019270979 0.152632207 0.001673247 0.011594964 -0.001265211 0.999930561
1773244731.633336 0.002527416 0.019196849 0.153603941 0.001110206 0.011655567 -0.001257353 0.999930680
1773244731.654884 0.002018665 0.019169329 0.154514492 0.001378013 0.011990312 -0.001408805 0.999926150
1773244731.694050 0.003217082 0.020076150 0.155669004 0.001761444 0.011144592 -0.001818323 0.999934673
1773244731.722251 0.002449661 0.020202775 0.156469718 0.002071620 0.011834298 -0.001906781 0.999925971
1773244731.755016 0.002084868 0.020449195 0.157508492 0.001803826 0.011637459 -0.001833223 0.999928951
1773244731.794214 0.002309934 0.019838165 0.158562258 0.001476074 0.011232654 -0.002222113 0.999933362
1773244731.822908 0.001840373 0.020898189 0.159521967 0.001841895 0.011453753 -0.002261081 0.999930143
1773244731.865951 0.002490457 0.020385537 0.159163624 0.001454783 0.010847459 -0.001745983 0.999938548
1773244731.888654 0.002749722 0.019811232 0.160442263 0.000513865 0.010542974 -0.001661869 0.999942899
1773244731.929220 0.002549865 0.019935552 0.162123159 0.000531814 0.010216685 -0.001310949 0.999946833
1773244731.955726 0.002763726 0.020439664 0.163773432 0.001437753 0.009831602 -0.001777816 0.999949038
1773244731.987532 0.002939800 0.020803958 0.164426893 0.000996102 0.009109686 -0.001309363 0.999957144
1773244732.031067 0.000210423 0.020900982 0.165632382 0.001579991 0.010796870 -0.002945429 0.999936104
1773244732.055243 -0.001972654 0.021585651 0.166251317 0.001615291 0.012004643 -0.002593040 0.999923289
1773244732.094659 -0.001159661 0.021832416 0.166295230 0.001766829 0.010866211 -0.002225918 0.999936879
1773244732.121685 -0.001099013 0.022051109 0.167739183 0.001610545 0.010543172 -0.001838656 0.999941409
1773244732.156720 -0.001313986 0.021034980 0.168432355 0.000655860 0.010423642 -0.001298296 0.999944627
1773244732.196799 -0.001408001 0.020572850 0.170418233 0.000258817 0.009831669 -0.001494715 0.999950528
1773244732.221508 -0.000456512 0.019724624 0.170827881 -0.000140196 0.008887821 -0.001959772 0.999958515
1773244732.260750 -0.000404001 0.020458994 0.172026441 0.000002841 0.008342628 -0.001823360 0.999963522
1773244732.287957 -0.000801276 0.020649735 0.172669649 0.000362609 0.008376319 -0.002160984 0.999962509
1773244732.328568 -0.001247441 0.019587072 0.173520625 -0.000769113 0.008011288 -0.001621142 0.999966264
1773244732.355047 -0.001661206 0.020330908 0.174519807 0.000233609 0.008056954 -0.002054927 0.999965370
1773244732.388363 -0.001612830 0.020464340 0.175768971 -0.000278365 0.007448843 -0.001678466 0.999970794
1773244732.428565 -0.001504138 0.020459525 0.176676646 0.000277816 0.006870927 -0.002293830 0.999973714
1773244732.456278 -0.000829391 0.019847980 0.177711070 -0.000890636 0.005646035 -0.001542890 0.999982476
1773244732.496167 0.000164294 0.019260518 0.179246888 -0.000603270 0.004565677 -0.002202444 0.999986947
1773244732.522221 0.004086877 0.025269890 0.167945221 0.004220683 0.000898276 0.001098835 0.999990046
1773244732.555462 0.004136377 0.025401909 0.168513209 0.005014103 0.000324980 0.000112744 0.999987364
1773244732.595865 0.004211597 0.024765722 0.170094326 0.004156556 -0.000226967 0.000332901 0.999991238
1773244732.622842 0.003395947 0.024896361 0.170679465 0.004201081 -0.000035792 0.000356108 0.999991119
1773244732.662323 0.002174151 0.025496257 0.171073541 0.004494697 0.000656908 0.000679335 0.999989450
1773244732.689084 0.002463128 0.025308425 0.171663642 0.004342117 -0.000103409 0.000776503 0.999990225
1773244732.723021 0.001891892 0.025138207 0.172558174 0.004237614 -0.000222090 0.000559706 0.999990821
1773244732.764610 0.001668023 0.024998600 0.174073130 0.004183019 -0.000704551 0.000601810 0.999990761
1773244732.790368 0.002633037 0.025560560 0.175549775 0.004928523 -0.001620836 0.000309133 0.999986470
1773244732.828573 0.002403490 0.025397908 0.175979182 0.004301101 -0.001964326 0.000668776 0.999988556
1773244732.855691 0.001712844 0.025910223 0.177169815 0.005111390 -0.001843990 0.000340770 0.999985158
1773244732.895430 0.000440791 0.026524901 0.178514421 0.005226330 -0.001545108 0.000763950 0.999984860
1773244732.922755 0.000189939 0.025738753 0.178366110 0.004845779 -0.001422405 0.000746178 0.999986947
1773244732.955662 -0.000315273 0.025989138 0.179255724 0.004499559 -0.001604525 0.000914329 0.999988139
1773244732.996552 0.000146755 0.025571683 0.179902360 0.004454738 -0.002260020 0.000916556 0.999987066
1773244733.022747 0.000001230 0.025820272 0.181380868 0.004064182 -0.002685681 0.001152548 0.999987483
1773244733.063318 0.003166840 0.025150476 0.178792462 0.003866137 -0.005368704 0.000934205 0.999977648
1773244733.089347 0.001975269 0.026083959 0.179319113 0.004489065 -0.004954792 0.000787713 0.999977350
1773244733.124730 0.002180416 0.025334159 0.180247322 0.003409993 -0.005546056 0.001146639 0.999978125
1773244733.162906 0.002786001 0.025785828 0.181891248 0.004113005 -0.006542867 0.000827668 0.999969780
1773244733.189489 0.002620038 0.025286855 0.183291361 0.003399211 -0.007187107 0.000669758 0.999968171
1773244733.230456 0.001387435 0.026010571 0.183973730 0.003872999 -0.006739604 0.000481193 0.999969661
1773244733.256765 0.000656372 0.025398957 0.184619099 0.003408337 -0.006918231 0.001166746 0.999969602
1773244733.296975 0.000628878 0.024745671 0.185532272 0.002297161 -0.007399124 0.001693027 0.999968529
1773244733.324145 0.001192288 0.025096793 0.186911076 0.003194206 -0.008344517 0.000657902 0.999959886
1773244733.357256 -0.002684130 0.025506902 0.191929370 0.003084310 -0.006113045 0.001174493 0.999975860
1773244733.397484 0.000098613 0.025641043 0.189106196 0.003280506 -0.008484006 0.000616941 0.999958456
1773244733.422419 -0.000480727 0.025698343 0.189504340 0.003038176 -0.008677968 0.000945705 0.999957263
1773244733.463392 0.001054177 0.025371952 0.186928734 0.003005969 -0.009571599 0.000576536 0.999949515
1773244733.489577 0.000797258 0.025357112 0.187836319 0.002757495 -0.009656340 0.000469492 0.999949455
1773244733.524029 0.000594917 0.025142493 0.188898548 0.002092066 -0.010127540 0.000764657 0.999946237
1773244733.562874 0.000670054 0.025499331 0.190408215 0.002371320 -0.011014394 0.001103533 0.999935925
1773244733.591083 -0.000667245 0.025872789 0.190656677 0.002588082 -0.010186384 0.000825222 0.999944448
1773244733.630783 -0.000557571 0.025741031 0.192040116 0.002230336 -0.011010155 0.001117476 0.999936283
1773244733.657704 -0.000548189 0.025344485 0.193092629 0.002041306 -0.011663977 0.000593994 0.999929726
1773244733.691202 -0.000945836 0.025218498 0.194155723 0.001772566 -0.011919277 0.000786123 0.999927104
1773244733.730514 -0.002366757 0.025485963 0.194832310 0.001870911 -0.011253516 0.000609997 0.999934733
1773244733.757118 -0.002046138 0.025370605 0.195943192 0.001356068 -0.012271066 0.001513099 0.999922633
1773244733.799459 -0.001995789 0.025327789 0.196815372 0.001288944 -0.012678720 0.001149055 0.999918103
1773244733.824727 -0.002672309 0.025192440 0.197994173 0.001213979 -0.012727341 0.001166633 0.999917567
1773244733.864670 -0.003057784 0.025185185 0.198426500 0.001020506 -0.013080968 0.001565297 0.999912679
1773244733.891324 -0.003763551 0.025628950 0.199400097 0.001722652 -0.012771684 0.000954797 0.999916494
1773244733.924596 -0.004054144 0.025733883 0.200715855 0.001789460 -0.013198114 0.001183789 0.999910593
1773244733.962941 -0.004763817 0.025769211 0.201004103 0.001524626 -0.012922129 0.001597916 0.999914050
1773244733.991627 -0.005465853 0.026253160 0.202371225 0.002088009 -0.012989078 0.000914171 0.999913037
1773244734.034646 -0.001529101 0.025729004 0.199179754 0.001750489 -0.015738273 0.001197219 0.999873877
1773244734.058343 -0.001947954 0.025746001 0.199959978 0.001931009 -0.015949737 0.000908551 0.999870479
1773244734.092716 -0.002349967 0.025985874 0.200790793 0.001753556 -0.016253032 0.001100704 0.999865770
1773244734.131749 -0.002144254 0.026226403 0.202342063 0.001790351 -0.017138395 0.001114737 0.999850869
1773244734.157473 -0.003475619 0.026275739 0.202849135 0.002232601 -0.016543686 0.000876315 0.999860287
1773244734.198172 -0.003575363 0.026081296 0.203317448 0.001408377 -0.016451696 0.001331306 0.999862790
1773244734.224174 -0.004060079 0.025991499 0.204303578 0.001554976 -0.016442798 0.001248410 0.999862790
1773244734.264366 -0.004659372 0.026369104 0.205334365 0.001515449 -0.016414743 0.001265490 0.999863327
1773244734.291597 -0.004923395 0.026564768 0.206276342 0.001667190 -0.016612612 0.001548200 0.999859393
1773244734.324408 -0.005129285 0.027627083 0.208042577 0.002466648 -0.017420467 0.001921225 0.999843359
1773244734.365755 -0.004644512 0.026498934 0.208761886 0.001254770 -0.018131115 0.001408790 0.999833882
1773244734.392655 -0.004950696 0.026956595 0.209748238 0.001403012 -0.018330896 0.002029245 0.999828935
1773244734.430773 -0.004273883 0.026959358 0.211258397 0.001920996 -0.019099461 0.001578134 0.999814510
1773244734.458800 -0.004337039 0.027907176 0.213863224 0.002151028 -0.020460851 0.002673686 0.999784768
1773244734.491909 -0.004047425 0.026884198 0.214196533 0.000952106 -0.021092936 0.002897462 0.999772906
1773244734.531694 -0.003743898 0.028135831 0.214860812 0.002175823 -0.021836950 0.002503876 0.999756038
1773244734.557889 -0.003166710 0.029114051 0.215778619 0.002744719 -0.022828769 0.003231719 0.999730408
1773244734.598511 -0.003289009 0.028461726 0.217241257 0.002083404 -0.023080831 0.002679005 0.999727845
1773244734.625582 -0.003945651 0.028818158 0.218010336 0.002185646 -0.022903288 0.002723173 0.999731600
1773244734.659630 -0.004658454 0.029120306 0.219428599 0.002458572 -0.023221411 0.002822391 0.999723315
1773244734.698246 -0.004796349 0.029572595 0.220167831 0.002654206 -0.023815816 0.003102747 0.999708056
1773244734.724681 -0.003932290 0.029425321 0.221694037 0.002894075 -0.025197681 0.002667396 0.999674737
1773244734.764088 -0.004256460 0.029284200 0.221898705 0.002833766 -0.025275534 0.002702243 0.999672890
1773244734.792228 -0.004394852 0.029610911 0.223131552 0.002787858 -0.025584636 0.003357331 0.999663174
1773244734.830187 -0.005161666 0.030200964 0.224290237 0.003288156 -0.025245082 0.003082853 0.999671161
1773244734.857687 -0.005178687 0.029916743 0.225269973 0.003153376 -0.025677428 0.002943944 0.999660969
1773244734.891768 -0.004785376 0.029933836 0.226397514 0.002919044 -0.026497275 0.002944888 0.999640286
1773244734.931674 -0.003348404 0.029662602 0.221746340 0.003126280 -0.027949534 0.003481124 0.999598384
1773244734.959254 -0.003171246 0.029539989 0.222837597 0.003123680 -0.028485477 0.003374341 0.999583602
1773244734.998559 -0.004018239 0.029485580 0.223419234 0.002829631 -0.028089583 0.003772203 0.999594271
1773244735.025305 -0.003724475 0.030341588 0.224588841 0.004048928 -0.028805640 0.003090183 0.999572039
1773244735.058611 -0.004970000 0.030426385 0.224944398 0.003571446 -0.028104486 0.003510748 0.999592423
1773244735.096899 -0.004268926 0.029895080 0.225893587 0.003058035 -0.029226981 0.003595035 0.999561667
1773244735.126187 -0.004177521 0.030134792 0.226983130 0.002968181 -0.029959405 0.004251569 0.999537706
1773244735.165632 -0.004402576 0.030199701 0.228421032 0.002995846 -0.030039221 0.004087155 0.999535859
1773244735.191432 -0.004164306 0.030390631 0.229454100 0.003246017 -0.030695336 0.003641193 0.999516904
1773244735.232716 -0.004741570 0.030438744 0.229990661 0.002829379 -0.030828992 0.004377919 0.999511123
1773244735.260093 -0.005151024 0.030596716 0.230739966 0.003339225 -0.030800659 0.003716849 0.999513090
1773244735.293020 -0.004923875 0.031197535 0.232121736 0.003643773 -0.031305548 0.004347699 0.999493778
1773244735.331968 -0.005425098 0.030936714 0.232430294 0.003487427 -0.031116202 0.004280796 0.999500573
1773244735.359312 -0.005638486 0.030949060 0.233265474 0.003826088 -0.031385377 0.003975459 0.999492109
1773244735.404333 -0.005921546 0.030979969 0.234190524 0.003764214 -0.031566784 0.003845856 0.999487162
1773244735.429400 -0.005693390 0.031272452 0.235372737 0.004062710 -0.032214671 0.004174804 0.999464035
1773244735.458955 -0.005875749 0.031464595 0.236329973 0.003877607 -0.032431912 0.004374147 0.999456823
1773244735.498286 -0.006526968 0.031372175 0.236822188 0.003579607 -0.032204699 0.004231317 0.999465942
1773244735.525016 -0.006090251 0.031286225 0.238109723 0.003580774 -0.032910399 0.004484850 0.999441803
1773244735.570054 -0.006052294 0.032291237 0.239049464 0.004326117 -0.033508375 0.004660140 0.999418199
1773244735.592005 -0.007052806 0.032181680 0.239522353 0.004376285 -0.032767609 0.004551575 0.999443054
1773244735.632412 -0.006724632 0.032296844 0.240760013 0.004203907 -0.033507623 0.004293429 0.999420404
1773244735.660021 -0.005435028 0.032244913 0.241903931 0.004315154 -0.035447709 0.004373556 0.999352634
1773244735.693091 -0.005868165 0.032614503 0.242974684 0.004741104 -0.035210103 0.004395037 0.999359012
1773244735.733721 -0.005485248 0.032512408 0.243823320 0.004346023 -0.036116444 0.004765905 0.999326766
1773244735.758503 -0.005673327 0.032671366 0.244723052 0.004487153 -0.036273886 0.004444325 0.999321938
1773244735.799578 -0.007224970 0.032364517 0.245643944 0.004011147 -0.035231728 0.004797379 0.999359608
1773244735.827175 -0.006935432 0.032490816 0.246219099 0.003893276 -0.035835404 0.004513965 0.999339938
1773244735.860314 -0.007579976 0.032716349 0.246969134 0.004368101 -0.035326146 0.004651544 0.999355435
1773244735.899335 -0.007571054 0.032594208 0.247805357 0.003831058 -0.035405096 0.004536011 0.999355376
1773244735.925502 -0.007841023 0.033137750 0.248291194 0.004252543 -0.035371859 0.005133343 0.999351978
1773244735.970919 -0.007713708 0.032820497 0.249839023 0.004039960 -0.035998572 0.004585593 0.999333143
1773244735.992352 -0.005981637 0.032624684 0.247142509 0.004595761 -0.037848871 0.004138986 0.999264300
1773244736.026326 -0.006476746 0.032662034 0.247752756 0.004222599 -0.037529510 0.004586772 0.999276042
1773244736.068093 -0.006508830 0.032750227 0.248752505 0.004648757 -0.037811082 0.004408819 0.999264359
1773244736.092813 -0.006868614 0.032898571 0.249814317 0.004561932 -0.037689213 0.004292854 0.999269843
1773244736.133202 -0.006476808 0.033316758 0.251177639 0.004954486 -0.038193896 0.004526978 0.999247789
1773244736.160474 -0.008332239 0.033563774 0.255602896 0.004629608 -0.036489330 0.004227221 0.999314368
1773244736.199470 -0.007442128 0.032825161 0.252087057 0.003885334 -0.037115753 0.004810543 0.999291837
1773244736.227100 -0.008756936 0.034155790 0.257532060 0.004969789 -0.036262956 0.004610145 0.999319255
1773244736.260468 -0.006880430 0.033550967 0.254649460 0.004725186 -0.038041390 0.004524630 0.999254704
1773244736.298989 -0.007204545 0.033865675 0.255087167 0.004848307 -0.037856832 0.004854220 0.999259591
1773244736.325937 -0.007032376 0.033762649 0.256182283 0.004815727 -0.038333815 0.004633346 0.999242604
1773244736.368217 -0.007662194 0.034026153 0.256601334 0.004732020 -0.037700184 0.005086805 0.999264896
1773244736.394366 -0.007994344 0.033953015 0.257228732 0.004696194 -0.037421096 0.004609033 0.999277890
1773244736.426049 -0.007899610 0.033978574 0.258496106 0.004559917 -0.037518255 0.004537372 0.999275208
1773244736.472755 -0.007936393 0.034007557 0.259429157 0.004593390 -0.037488591 0.004672146 0.999275565
1773244736.493110 -0.007335933 0.034395721 0.260783076 0.004904542 -0.038303737 0.004415893 0.999244332
1773244736.532972 -0.008747888 0.034324702 0.260745436 0.004676071 -0.036725562 0.004700180 0.999303401
1773244736.560967 -0.007979241 0.034192167 0.261805594 0.004684258 -0.037470523 0.004483857 0.999276638
1773244736.599414 -0.008238650 0.034429219 0.262553275 0.004003427 -0.037110835 0.005116312 0.999289989
1773244736.627540 -0.008314114 0.034801617 0.263483524 0.005320562 -0.036850784 0.004035037 0.999298453
1773244736.660090 -0.008066026 0.034697268 0.264532834 0.004750261 -0.037245546 0.004431237 0.999284983
1773244736.699673 -0.008891090 0.035217322 0.264956713 0.005521627 -0.035935156 0.003776305 0.999331713
1773244736.727760 -0.009046481 0.035342254 0.265511036 0.005442790 -0.035941340 0.004103882 0.999330640
1773244736.766406 -0.009011193 0.035302024 0.266850084 0.005169728 -0.035823170 0.004105371 0.999336302
1773244736.793478 -0.008516276 0.035477154 0.268110722 0.005490768 -0.036187883 0.003653891 0.999323249
1773244736.827415 -0.008163073 0.034985270 0.265731931 0.005097813 -0.036087036 0.004264171 0.999326587
1773244736.866403 -0.008419041 0.034947392 0.266475767 0.004796327 -0.035495710 0.004313241 0.999348998
1773244736.894825 -0.008791716 0.034585100 0.266951501 0.003770339 -0.034913622 0.004605676 0.999372602
1773244736.933170 -0.008518735 0.034975886 0.268370330 0.004467469 -0.034954753 0.004053068 0.999370694
1773244736.962059 -0.007854007 0.035357088 0.270235986 0.004902044 -0.035551168 0.003760724 0.999348760
1773244737.001274 -0.008817053 0.035984360 0.274235040 0.004603698 -0.034851734 0.004402027 0.999372184
1773244737.028627 -0.008926656 0.036281507 0.275209069 0.004737774 -0.034571595 0.004238826 0.999381959
1773244737.060584 -0.009322895 0.036100049 0.276031226 0.004509015 -0.033739191 0.004229230 0.999411523
1773244737.105161 -0.008738110 0.036687516 0.277500242 0.005211498 -0.034502156 0.003966496 0.999383152
1773244737.129247 -0.009648253 0.036639594 0.278186917 0.004851281 -0.033360787 0.003891610 0.999423981
1773244737.171137 -0.008932254 0.036683086 0.279311568 0.004787019 -0.033712834 0.003921581 0.999412358
1773244737.195704 -0.009278296 0.036915358 0.280019283 0.005114616 -0.033325590 0.003752288 0.999424398
1773244737.228295 -0.009029944 0.036904290 0.281462640 0.004613669 -0.033195265 0.003823546 0.999430895
1773244737.270952 -0.009323905 0.037169732 0.282088310 0.005199962 -0.032798864 0.003466751 0.999442399
1773244737.294871 -0.009705288 0.037002165 0.282970041 0.004440562 -0.032439299 0.003561452 0.999457479
1773244737.334671 -0.009453609 0.037086032 0.284006864 0.004830417 -0.032350574 0.003775012 0.999457777
1773244737.362165 -0.010014736 0.036918063 0.284428179 0.004598930 -0.031425893 0.003652151 0.999488831
1773244737.395106 -0.009992815 0.037168577 0.286073327 0.004299100 -0.031458192 0.004048626 0.999487579
1773244737.435959 -0.009778790 0.037492033 0.287363946 0.004502908 -0.031645894 0.003776890 0.999481857
1773244737.461741 -0.010724339 0.037365731 0.287374645 0.004723729 -0.029908406 0.003749038 0.999534428
1773244737.502098 -0.009955380 0.037683118 0.288817465 0.004652367 -0.030313650 0.003677829 0.999522805
1773244737.528981 -0.010656014 0.037476588 0.288588762 0.004750557 -0.029353227 0.003573371 0.999551415
1773244737.566842 -0.010206340 0.037764028 0.289926082 0.004990347 -0.029727073 0.003846717 0.999538183
1773244737.594280 -0.010932988 0.037787464 0.290358305 0.004707355 -0.028760318 0.003639114 0.999568641
1773244737.629364 -0.010867730 0.037881609 0.291303188 0.004984785 -0.028508576 0.003464593 0.999575078
1773244737.667465 -0.009350551 0.037150219 0.286830455 0.004481617 -0.029526222 0.003535540 0.999547720
1773244737.694304 -0.009147185 0.037331447 0.287915409 0.004963504 -0.029791545 0.003295419 0.999538362
1773244737.734654 -0.009310994 0.037385233 0.288863271 0.004965269 -0.029280987 0.003482693 0.999552846
1773244737.761395 -0.009314731 0.037327260 0.289867550 0.004836828 -0.029512161 0.003786870 0.999545574
1773244737.796227 -0.009096487 0.037620790 0.290768355 0.005290407 -0.029756917 0.002927725 0.999538898
1773244737.834392 -0.009115026 0.037536874 0.291637629 0.004836151 -0.029526588 0.003296057 0.999546826
1773244737.862220 -0.010270985 0.037699904 0.291975766 0.004682772 -0.027717615 0.003268156 0.999599516
1773244737.901525 -0.009842882 0.037959419 0.293255478 0.005558207 -0.028031474 0.002663573 0.999588013
1773244737.929200 -0.010588858 0.037714325 0.293534011 0.004465573 -0.027193727 0.002729243 0.999616504
1773244737.968318 -0.009871646 0.038141832 0.295088559 0.005493101 -0.027816229 0.002782479 0.999594092
1773244737.995729 -0.010118698 0.038124721 0.295464873 0.005284049 -0.027415628 0.002394185 0.999607265
1773244738.029006 -0.011015133 0.038501602 0.295694232 0.005720024 -0.026068969 0.002252571 0.999641240
1773244738.068108 -0.010821536 0.038564280 0.296598643 0.005984473 -0.025934292 0.002491932 0.999642611
1773244738.096549 -0.011012901 0.038565863 0.297231078 0.005533766 -0.025532011 0.002652316 0.999655187
1773244738.139888 -0.011774018 0.039010022 0.304698199 0.005033415 -0.025163762 0.002801036 0.999666691
1773244738.162246 -0.011140527 0.038595166 0.298815399 0.005620233 -0.024933560 0.002792415 0.999669373
1773244738.196234 -0.011827493 0.038883168 0.299383521 0.005963684 -0.023956865 0.002205901 0.999692738
1773244738.235754 -0.010287268 0.038791332 0.302114278 0.005619659 -0.025870752 0.002635325 0.999646008
1773244738.264106 -0.010290912 0.039007820 0.302858293 0.005589268 -0.025728252 0.002767555 0.999649525
1773244738.303023 -0.011796768 0.039059203 0.302091420 0.005562248 -0.023508132 0.002567468 0.999704838
1773244738.328469 -0.010325490 0.038797822 0.302325487 0.005747207 -0.025013782 0.002773125 0.999666750
1773244738.368197 -0.010138770 0.038765647 0.303472131 0.005204021 -0.025075680 0.003064906 0.999667287
1773244738.397007 -0.010710682 0.038958013 0.303706855 0.005527431 -0.024230091 0.002813887 0.999687195
1773244738.429929 -0.010454441 0.039284576 0.305053800 0.005370446 -0.024426600 0.003032122 0.999682605
1773244738.468746 -0.011888191 0.039517730 0.304502994 0.006204049 -0.022345861 0.002071905 0.999728918
1773244738.495067 -0.010602036 0.039139487 0.306709796 0.005131161 -0.023700293 0.003080622 0.999701202
1773244738.536277 -0.010744113 0.039650351 0.307124883 0.005622230 -0.023732973 0.002532349 0.999699295
1773244738.563090 -0.010478195 0.039522972 0.308465630 0.005591857 -0.023611065 0.002858060 0.999701500
1773244738.596514 -0.010823868 0.039497294 0.308893561 0.005318437 -0.023017351 0.003041684 0.999716282
1773244738.635644 -0.012032682 0.040056277 0.308671445 0.006170123 -0.021389186 0.002738124 0.999748409
1773244738.662019 -0.011495666 0.040029742 0.310098708 0.005841364 -0.021878662 0.002597775 0.999740183
1773244738.702712 -0.011748644 0.040275801 0.310615867 0.006039830 -0.021394063 0.003065287 0.999748170
1773244738.728826 -0.011404554 0.040216621 0.311918467 0.006246767 -0.021491505 0.002785524 0.999745667
1773244738.769727 -0.010966202 0.040393706 0.313189089 0.005777094 -0.022071887 0.002645809 0.999736190
1773244738.796983 -0.010235364 0.040352382 0.314830303 0.005954985 -0.022660218 0.002594125 0.999722123
1773244738.830353 -0.011945907 0.040736862 0.314205796 0.006403571 -0.020369986 0.002591572 0.999768674
1773244738.868631 -0.012153998 0.040752243 0.314936340 0.005878685 -0.020014942 0.002319977 0.999779761
1773244738.895661 -0.011537287 0.040722795 0.316301584 0.005549687 -0.020772448 0.002616199 0.999765396
1773244738.936364 -0.011450167 0.040895361 0.317444324 0.005636350 -0.020404201 0.002674025 0.999772370
1773244738.964529 -0.011371689 0.041020989 0.318410248 0.005621287 -0.020293402 0.002489014 0.999775171
1773244738.997950 -0.011756517 0.041161355 0.319074303 0.005493052 -0.019693229 0.002682148 0.999787390
1773244739.035564 -0.011302483 0.041001059 0.320356220 0.004893334 -0.020355323 0.002632839 0.999777377
1773244739.063308 -0.011438834 0.041328177 0.321249574 0.005398204 -0.020090600 0.002166915 0.999781251
1773244739.104570 -0.011601290 0.041501060 0.321992248 0.005460091 -0.019500358 0.002567522 0.999791622
1773244739.130400 -0.011855477 0.041605946 0.322688848 0.005642572 -0.018958049 0.002017014 0.999802351
1773244739.171990 -0.011937382 0.041650575 0.323753387 0.005161737 -0.018421615 0.002655670 0.999813437
1773244739.198144 -0.012353638 0.041693572 0.324478537 0.004818658 -0.017626658 0.003009407 0.999828517
1773244739.229851 -0.012597608 0.042065833 0.325294286 0.005444928 -0.017255675 0.002170874 0.999833882
1773244739.272415 -0.012215291 0.041885443 0.326514333 0.005105882 -0.017529098 0.001945264 0.999831378
1773244739.298021 -0.011606705 0.041729104 0.325643957 0.005033059 -0.018012451 0.002309083 0.999822378
1773244739.335948 -0.012371300 0.042269148 0.326044977 0.005772814 -0.016604602 0.001400872 0.999844491
1773244739.364516 -0.011889355 0.042315636 0.327507138 0.005546868 -0.016877837 0.001765043 0.999840617
1773244739.397454 -0.010988403 0.042298932 0.329249799 0.005549153 -0.017759603 0.001874827 0.999825120
1773244739.436611 -0.011753813 0.042402964 0.329760998 0.005210617 -0.016408037 0.001925805 0.999849916
1773244739.464476 -0.011953223 0.042419311 0.330278367 0.005281455 -0.016183738 0.001912132 0.999853253
1773244739.503124 -0.012407752 0.042668141 0.330785662 0.005349862 -0.015109895 0.002077809 0.999869347
1773244739.529840 -0.012846573 0.042896606 0.331369400 0.005352653 -0.014545815 0.002219448 0.999877393
1773244739.569330 -0.012091722 0.042747974 0.332814872 0.005032036 -0.015186138 0.001968822 0.999870062
1773244739.597872 -0.012042023 0.042832166 0.333830655 0.004835459 -0.015098850 0.001823470 0.999872625
1773244739.630391 -0.012389233 0.043060735 0.334458917 0.005282566 -0.014524211 0.002311851 0.999877870
1773244739.672210 -0.012092637 0.043191906 0.335337430 0.005191795 -0.014752450 0.001929692 0.999875784
1773244739.697457 -0.011492117 0.042959947 0.336667806 0.004280032 -0.015667353 0.002542992 0.999864817
1773244739.737565 -0.012441074 0.043029621 0.336940348 0.004257670 -0.014213020 0.002124835 0.999887645
1773244739.766275 -0.011819908 0.043199800 0.338132083 0.004271314 -0.015177186 0.002471023 0.999872625
1773244739.798425 -0.012428546 0.043534905 0.338526875 0.004482201 -0.013964605 0.002107935 0.999890208
1773244739.837533 -0.011993613 0.043613333 0.339593232 0.004724133 -0.014396636 0.002316538 0.999882519
1773244739.865132 -0.011947412 0.043829992 0.340439945 0.004713996 -0.014330433 0.001633901 0.999884844
1773244739.903606 -0.011789244 0.043548584 0.339777559 0.004711105 -0.014488936 0.001617616 0.999882638
1773244739.930502 -0.011649375 0.043558814 0.340636909 0.004374206 -0.014698839 0.001970983 0.999880493
1773244739.970421 -0.012209861 0.043757476 0.340924174 0.004366851 -0.013767363 0.001382731 0.999894738
1773244739.998686 -0.011813216 0.043741606 0.342165798 0.003980096 -0.014173306 0.002036597 0.999889553
1773244740.031852 -0.011936041 0.044006888 0.344404817 0.004193822 -0.014196192 0.001347237 0.999889493
1773244740.070862 -0.012279545 0.044130817 0.343655080 0.004326105 -0.013631426 0.001774112 0.999896169
1773244740.098484 -0.012285385 0.044054504 0.344351768 0.003906331 -0.013673367 0.001146480 0.999898255
1773244740.137479 -0.012262151 0.044166416 0.344888270 0.004105653 -0.013537691 0.001956334 0.999898016
1773244740.165433 -0.012971224 0.044588409 0.345570475 0.004474929 -0.012387394 0.000696980 0.999913037
1773244740.196769 -0.012391265 0.044703439 0.346737057 0.004379990 -0.012901591 0.000840079 0.999906838
1773244740.237930 -0.012268618 0.044816546 0.347579956 0.004505865 -0.013322863 0.000749387 0.999900818
1773244740.265198 -0.012576242 0.044755276 0.347984999 0.004493542 -0.012357610 0.001191097 0.999912798
1773244740.303490 -0.012314674 0.044742137 0.349077374 0.003844908 -0.012750776 0.001588657 0.999910057
1773244740.330478 -0.012844714 0.044910803 0.349503666 0.003893076 -0.012158810 0.001443681 0.999917448
1773244740.371749 -0.012839428 0.044950910 0.350527525 0.003941764 -0.012370393 0.001361152 0.999914765
1773244740.399268 -0.013094329 0.045656212 0.351253301 0.004955744 -0.012150588 0.000390165 0.999913812
1773244740.430729 -0.012483273 0.045302462 0.352646887 0.004195541 -0.013091754 0.001070711 0.999904931
1773244740.472489 -0.012528842 0.045365304 0.353129268 0.004897544 -0.013120226 0.001701198 0.999900460
1773244740.499099 -0.013096812 0.045701474 0.353803575 0.005174013 -0.012586664 0.001137677 0.999906778
1773244740.538799 -0.012949722 0.045836080 0.354820728 0.005643031 -0.013116302 0.000346708 0.999898016
1773244740.564184 -0.012885615 0.045759328 0.356154025 0.004852511 -0.013685549 0.001386079 0.999893606
1773244740.598564 -0.013266583 0.046116948 0.356405646 0.005578366 -0.013379679 0.001133466 0.999894261
1773244740.638809 -0.012111542 0.046078488 0.358589143 0.005162717 -0.015147245 0.001555148 0.999870718
1773244740.665961 -0.012627148 0.046108019 0.358596444 0.005557650 -0.014322978 0.001054795 0.999881387
1773244740.705117 -0.012783465 0.046227593 0.359632373 0.005432516 -0.014312658 0.001723743 0.999881327
1773244740.731516 -0.012504554 0.046952657 0.360349417 0.006254656 -0.014907316 0.001155009 0.999868631
1773244740.765042 -0.013123372 0.046315204 0.361126930 0.005243415 -0.014144184 0.001688780 0.999884784
1773244740.805532 -0.013539217 0.046774510 0.361700147 0.005673391 -0.013897029 0.001486683 0.999886215
1773244740.832827 -0.013236517 0.046524718 0.362653822 0.004965413 -0.014865870 0.001480559 0.999876082
1773244740.870620 -0.013088955 0.045896176 0.363758385 0.003876883 -0.015098479 0.001967779 0.999876559
1773244740.898213 -0.013116498 0.046049811 0.364828378 0.004143970 -0.015314622 0.002322457 0.999871433
1773244740.938198 -0.013154948 0.046742413 0.365798652 0.004813184 -0.015243034 0.002387392 0.999869406
1773244740.966039 -0.013450656 0.046051484 0.366342008 0.003939723 -0.015029651 0.002140333 0.999876976
1773244740.998889 -0.012709601 0.046710216 0.367764652 0.004544209 -0.016914262 0.002322499 0.999843955
1773244741.038163 -0.013706408 0.046245158 0.367957890 0.003860638 -0.015383353 0.002658193 0.999870658
1773244741.064665 -0.013470186 0.047476243 0.368716568 0.005585816 -0.016164426 0.002134112 0.999851465
1773244741.105182 -0.013846465 0.047955796 0.369185865 0.006174447 -0.015890162 0.002546933 0.999851465
1773244741.133221 -0.014031775 0.047459785 0.370141923 0.005235681 -0.015883949 0.002441612 0.999857128
1773244741.165865 -0.013271523 0.047609925 0.371546656 0.005608098 -0.017112359 0.002240235 0.999835312
1773244741.205235 -0.013939967 0.047634028 0.372271091 0.005524487 -0.016552839 0.001558530 0.999846518
1773244741.231804 -0.013047080 0.047482926 0.373182386 0.005272430 -0.018177213 0.001870012 0.999819100
1773244741.273591 -0.014285068 0.047919936 0.373405516 0.005773777 -0.016606858 0.002095880 0.999843240
1773244741.299896 -0.014282325 0.047782905 0.374219030 0.005550765 -0.016857594 0.001880738 0.999840736
1773244741.337336 -0.013546431 0.048354231 0.375734866 0.005783705 -0.018215418 0.001868165 0.999815583
1773244741.366723 -0.013891977 0.048448171 0.376397550 0.006399008 -0.017754499 0.001584529 0.999820650
1773244741.399613 -0.013761165 0.048882145 0.377215415 0.006325611 -0.018236799 0.002317256 0.999810994
1773244741.438741 -0.014118427 0.048661340 0.377904326 0.005951663 -0.018185595 0.002145346 0.999814630
1773244741.465993 -0.014545012 0.048391204 0.378591627 0.005525731 -0.017583579 0.002122073 0.999827862
1773244741.505630 -0.013875838 0.048813418 0.379361719 0.006229588 -0.018519834 0.002581560 0.999805748
1773244741.533254 -0.013645705 0.048979670 0.380567938 0.006331800 -0.019020017 0.002686944 0.999795437
1773244741.567221 -0.014103021 0.048817895 0.380907238 0.006352467 -0.018567234 0.002563499 0.999804139
1773244741.606062 -0.014090542 0.048399083 0.381910980 0.005402456 -0.018953277 0.003161730 0.999800801
1773244741.632212 -0.014964864 0.048594795 0.382946461 0.005158802 -0.018279992 0.002879820 0.999815464
1773244741.673160 -0.015355411 0.048569214 0.383602053 0.005027561 -0.017588362 0.002866040 0.999828577
1773244741.699601 -0.014591791 0.048795529 0.384027183 0.005453482 -0.018900581 0.003337383 0.999800920
1773244741.733002 -0.014794526 0.049371399 0.385122508 0.005997061 -0.018736068 0.002968972 0.999802053
1773244741.773629 -0.015161170 0.049441256 0.385976821 0.005839529 -0.018154401 0.002524718 0.999814928
1773244741.801646 -0.014899314 0.048637137 0.386862010 0.004420287 -0.018546840 0.003554592 0.999811888
1773244741.840162 -0.015109815 0.048682887 0.387691408 0.004354602 -0.018556943 0.004021165 0.999810219
1773244741.867422 -0.015017662 0.048816524 0.388485789 0.005000019 -0.018574543 0.003423647 0.999809086
1773244741.905626 -0.015116410 0.050429348 0.389440149 0.006744436 -0.018753506 0.002854943 0.999797285
1773244741.933937 -0.014704044 0.049895350 0.390522659 0.005806684 -0.019445807 0.003056679 0.999789357
1773244741.967796 -0.014901911 0.050556589 0.391213745 0.007035603 -0.019088201 0.002750020 0.999789298
1773244742.008890 -0.014869109 0.050363082 0.392136931 0.006052713 -0.019167988 0.002985515 0.999793530
1773244742.033018 -0.015133160 0.050493348 0.392753392 0.006319718 -0.018923365 0.002533026 0.999797761
1773244742.072841 -0.015250583 0.050261050 0.393810958 0.005703786 -0.018811155 0.002927815 0.999802530
1773244742.101087 -0.015349703 0.050618529 0.394459069 0.005933600 -0.018903859 0.002864802 0.999799609
1773244742.134603 -0.015059843 0.050896294 0.395620704 0.006139897 -0.019578123 0.002587701 0.999786139
1773244742.174112 -0.015561726 0.050956346 0.396056920 0.006291670 -0.019057890 0.002284790 0.999795973
1773244742.201934 -0.015063260 0.050912764 0.397288054 0.005669521 -0.020147406 0.002541460 0.999777675
1773244742.243389 -0.014250671 0.051414419 0.398659766 0.006149142 -0.021626187 0.002461035 0.999744177
1773244742.268326 -0.014683873 0.051325046 0.399255067 0.006152720 -0.020986937 0.002469897 0.999757767
1773244742.309019 -0.014714075 0.051297605 0.400123298 0.005671179 -0.021351572 0.002639766 0.999752462
1773244742.335318 -0.014549670 0.051545575 0.401136786 0.005821146 -0.021847017 0.002001896 0.999742329
1773244742.367728 -0.015957257 0.051484581 0.401202619 0.006024870 -0.020038309 0.001956485 0.999779165
1773244742.409663 -0.015582334 0.051060896 0.402157128 0.004722908 -0.020933708 0.002392493 0.999766827
1773244742.433818 -0.015874160 0.051491443 0.402378529 0.005553134 -0.020531800 0.002116651 0.999771535
1773244742.474203 -0.016688224 0.051260021 0.403022259 0.004768043 -0.019230934 0.002891223 0.999799550
1773244742.501215 -0.016285064 0.051347114 0.404141843 0.004556616 -0.019940590 0.002546274 0.999787509
1773244742.535449 -0.016112575 0.051358648 0.405069679 0.004239051 -0.020177854 0.002451356 0.999784410
1773244742.574774 -0.016414942 0.051569603 0.405606896 0.004455347 -0.019972511 0.002370683 0.999787748
1773244742.602908 -0.016316198 0.051462136 0.406555414 0.004436440 -0.020269297 0.002418183 0.999781787
1773244742.641334 -0.016242756 0.051878594 0.407400966 0.004771792 -0.020409074 0.002001898 0.999778330
1773244742.668007 -0.016717067 0.051681723 0.407756120 0.004629279 -0.019479161 0.002655873 0.999796033
1773244742.707495 -0.016100518 0.051906321 0.408867031 0.004684145 -0.020683972 0.002602954 0.999771714
1773244742.734015 -0.016610939 0.051966257 0.409660578 0.004503610 -0.020000361 0.002825820 0.999785841
1773244742.770104 -0.017048880 0.051906347 0.410063654 0.004131004 -0.019504560 0.003175307 0.999796212
1773244742.807681 -0.016915487 0.051974304 0.411149114 0.004144583 -0.019740079 0.002671322 0.999792993
1773244742.834565 -0.017929209 0.051560543 0.411207527 0.003377945 -0.018295202 0.002187048 0.999824524
1773244742.879441 -0.017806683 0.052039016 0.412330389 0.004099550 -0.018925667 0.002193918 0.999810100
1773244742.901494 -0.017181458 0.052233800 0.413390696 0.004157969 -0.019547042 0.002463554 0.999797285
1773244742.936241 -0.017602166 0.052416075 0.413917869 0.004225729 -0.018942174 0.002542184 0.999808431
1773244742.976581 -0.017200029 0.052237596 0.415001601 0.003593504 -0.019522736 0.002677243 0.999799371
1773244743.002204 -0.017603539 0.052276216 0.415799648 0.003500737 -0.018842729 0.002160304 0.999813974
1773244743.039621 -0.016758982 0.052758653 0.417187154 0.003869008 -0.020274490 0.003147178 0.999782026
1773244743.070253 -0.018058388 0.052118439 0.417338222 0.002794828 -0.018327167 0.002176445 0.999825776
1773244743.108860 -0.018093714 0.051793564 0.418033212 0.002128111 -0.018383842 0.003004264 0.999824226
1773244743.135014 -0.016900603 0.052862249 0.419425011 0.003543510 -0.020773849 0.002703145 0.999774277
1773244743.168753 -0.017871257 0.052503187 0.419822425 0.003200399 -0.018958747 0.002331827 0.999812424
1773244743.207927 -0.016529871 0.053484187 0.421603650 0.004244023 -0.021320488 0.002143361 0.999761403
1773244743.234345 -0.016962113 0.053065304 0.422036350 0.003471727 -0.020917693 0.002124420 0.999772906
1773244743.274941 -0.016805254 0.053358316 0.422807932 0.003852666 -0.021223992 0.002222946 0.999764860
1773244743.302116 -0.017290648 0.053614683 0.423776627 0.003649864 -0.020270104 0.002817978 0.999783933
1773244743.335698 -0.017036671 0.053974736 0.424428523 0.004086627 -0.021068234 0.001876894 0.999767900
1773244743.374946 -0.017487666 0.054096982 0.425336361 0.004251064 -0.020236747 0.002001497 0.999784172
1773244743.401528 -0.017548474 0.054077968 0.425880164 0.003785099 -0.020263232 0.002783235 0.999783635
1773244743.442394 -0.017717129 0.053937048 0.426684260 0.003371062 -0.020226395 0.002258770 0.999787152
1773244743.468187 -0.017845044 0.053925380 0.427199751 0.003594401 -0.020487836 0.002090356 0.999781430
1773244743.508757 -0.017812079 0.054108065 0.428120583 0.003342546 -0.020899722 0.002870383 0.999771893
1773244743.535062 -0.017618876 0.054054610 0.429292768 0.003209781 -0.021520888 0.002506041 0.999760091
1773244743.569262 -0.018472560 0.054290157 0.429937392 0.003470656 -0.019837899 0.002522324 0.999794006
1773244743.610426 -0.018428547 0.054148383 0.430565119 0.003262777 -0.020434035 0.002278218 0.999783278
1773244743.636405 -0.018840764 0.054220196 0.431224048 0.003371352 -0.019652596 0.002029240 0.999799132
1773244743.674712 -0.018671699 0.054246921 0.432237923 0.003133403 -0.020312956 0.002729144 0.999785006
1773244743.703062 -0.017642489 0.054778904 0.433649868 0.003895244 -0.022214320 0.002364712 0.999742806
1773244743.736220 -0.018024504 0.054898657 0.434392124 0.004088719 -0.021624995 0.002097181 0.999755561
1773244743.774444 -0.018946698 0.054993398 0.434839278 0.003802639 -0.020289810 0.003244807 0.999781609
1773244743.802660 -0.018331954 0.055490989 0.435736716 0.004755447 -0.021334196 0.002565409 0.999757767
1773244743.843112 -0.017845411 0.055052824 0.437485158 0.003941532 -0.022033140 0.002622612 0.999746025
1773244743.869702 -0.017347444 0.055765104 0.438334852 0.004783239 -0.023157027 0.002687569 0.999716759
1773244743.908133 -0.017584916 0.055116180 0.438977122 0.003539337 -0.022953175 0.002772753 0.999726415
1773244743.935798 -0.018551107 0.056330413 0.439392149 0.005761059 -0.021338779 0.002626361 0.999752223
1773244743.970017 -0.018461214 0.056176908 0.440544218 0.005568979 -0.021515550 0.002611934 0.999749601
1773244744.009829 -0.019064391 0.056347501 0.440720737 0.005182459 -0.020717194 0.002305090 0.999769270
1773244744.036334 -0.018720569 0.055235505 0.441712946 0.003295338 -0.021367867 0.002899274 0.999762058
1773244744.075218 -0.019352933 0.055559613 0.442318410 0.003835080 -0.020813398 0.002540585 0.999772787
1773244744.101656 -0.018747939 0.055796474 0.443675280 0.003969790 -0.022380695 0.002746313 0.999737859
1773244744.136431 -0.018578421 0.056498013 0.444680750 0.004938939 -0.022379085 0.003282816 0.999731898
1773244744.175227 -0.016984187 0.056467727 0.446345925 0.004559393 -0.025184965 0.003150855 0.999667406
1773244744.203653 -0.017575052 0.055813301 0.446599871 0.002946912 -0.024240397 0.003853310 0.999694347
1773244744.242448 -0.017741457 0.056529280 0.447873652 0.004398012 -0.024396446 0.002970119 0.999688208
1773244744.270601 -0.017969673 0.056049854 0.448434144 0.003779103 -0.024095431 0.003080789 0.999697745
1773244744.308826 -0.020020163 0.056158595 0.448251784 0.003951538 -0.020811984 0.002681131 0.999771953
1773244744.335797 -0.018095301 0.057040744 0.450013071 0.005783643 -0.023975417 0.002796271 0.999691904
1773244744.370588 -0.018671267 0.055897102 0.450742185 0.003129376 -0.023036255 0.002989011 0.999725282
1773244744.411187 -0.018097563 0.056752708 0.451662093 0.004551087 -0.024012962 0.002995847 0.999696791
1773244744.437646 -0.018231060 0.056649506 0.452566206 0.004265900 -0.023823231 0.003289564 0.999701679
1773244744.478714 -0.018407505 0.057410050 0.453342497 0.005521191 -0.023723792 0.003044203 0.999698639
1773244744.503850 -0.017994229 0.056543849 0.454492569 0.003378910 -0.024538578 0.003609176 0.999686658
1773244744.537297 -0.018649392 0.057335775 0.454925328 0.005037530 -0.023392914 0.003199673 0.999708533
1773244744.580519 -0.018451180 0.056669749 0.455700994 0.003716034 -0.023942038 0.002801983 0.999702513
1773244744.603482 -0.018801337 0.057151560 0.456339687 0.004693445 -0.023659475 0.003139825 0.999704123
1773244744.643727 -0.018578354 0.057866432 0.457347810 0.006449491 -0.023912080 0.002401797 0.999690354
1773244744.672019 -0.019059718 0.056993347 0.457792610 0.004083612 -0.023089845 0.003456778 0.999719083
1773244744.709494 -0.019340642 0.055313971 0.459071368 0.000980590 -0.022579394 0.004386581 0.999734938
1773244744.736707 -0.018974315 0.057424616 0.459841341 0.005028737 -0.023776680 0.003185338 0.999699593
1773244744.768847 -0.019457810 0.058742221 0.460103869 0.007372699 -0.023231380 0.003262063 0.999697626
1773244744.809487 -0.018655745 0.058252331 0.461346716 0.006654218 -0.024739206 0.002929371 0.999667525
1773244744.836793 -0.019642966 0.057817154 0.461776167 0.005741214 -0.023221480 0.003032958 0.999709249
1773244744.879254 -0.019724324 0.057616107 0.462471575 0.005113782 -0.023401376 0.002549081 0.999709785
1773244744.904310 -0.020625489 0.056249321 0.463074952 0.002349256 -0.021811346 0.003046211 0.999754667
1773244744.936068 -0.020572063 0.055524290 0.464052916 0.000582330 -0.021833159 0.004000437 0.999753416
1773244744.976110 -0.020037908 0.058532007 0.465017378 0.006690814 -0.023029946 0.002794971 0.999708474
1773244745.003885 -0.020360662 0.057885431 0.465874434 0.005201780 -0.022217603 0.002466965 0.999736547
1773244745.042642 -0.019838432 0.058851384 0.467020780 0.007144285 -0.023352452 0.002824077 0.999697745
1773244745.070952 -0.020135723 0.059735324 0.467694849 0.008292655 -0.023138048 0.002862487 0.999693811
1773244745.109229 -0.019551825 0.059108939 0.468883574 0.007476362 -0.024243787 0.002365353 0.999675333
1773244745.136542 -0.019957069 0.059616536 0.469698966 0.008441917 -0.023591695 0.002225223 0.999683559
1773244745.171154 -0.020430010 0.061232999 0.470338315 0.011618986 -0.023297092 0.001329898 0.999660194
1773244745.211439 -0.020594900 0.058535997 0.471305072 0.005989652 -0.022673620 0.003055735 0.999720335
1773244745.238676 -0.019707082 0.058990512 0.472333938 0.006758072 -0.024627957 0.002695349 0.999670208
1773244745.278129 -0.019634126 0.059453357 0.473254710 0.007470047 -0.025090599 0.002045890 0.999655187
1773244745.304486 -0.020160977 0.058621760 0.473899364 0.005438870 -0.024337687 0.002773502 0.999685168
1773244745.338003 -0.020367354 0.059205610 0.474945515 0.006116215 -0.023862280 0.003188647 0.999691427
1773244745.379172 -0.020167870 0.059248053 0.475601345 0.006878300 -0.024619542 0.002398830 0.999670327
1773244745.413772 -0.020887371 0.058973692 0.476441026 0.006121732 -0.023158884 0.003059521 0.999708354
1773244745.448336 -0.020692345 0.060158096 0.477349102 0.008588210 -0.024028767 0.002232992 0.999671876
1773244745.475025 -0.020928949 0.060144827 0.478056252 0.008459156 -0.023656523 0.002789763 0.999680459
1773244745.513676 -0.021114361 0.060428333 0.478916079 0.008866612 -0.023669591 0.002013636 0.999678493
1773244745.537960 -0.021268506 0.059825309 0.479571104 0.007662365 -0.023532892 0.002260166 0.999691129
1773244745.571188 -0.021698015 0.059381276 0.480217159 0.006801682 -0.022572968 0.002692926 0.999718428
1773244745.610734 -0.022022951 0.059481569 0.480910540 0.006795905 -0.022142971 0.002946026 0.999727368
1773244745.638776 -0.022195747 0.059372406 0.481684595 0.006276603 -0.021885794 0.002714756 0.999737084
1773244745.682928 -0.021069650 0.060706228 0.483172208 0.008601585 -0.024048883 0.002854858 0.999669731
1773244745.705538 -0.020892723 0.060856979 0.483953685 0.008329253 -0.024338467 0.003502592 0.999662936
1773244745.737665 -0.020685894 0.061775021 0.484881818 0.011038057 -0.025047133 0.002646814 0.999621809
1773244745.778348 -0.020983342 0.061652590 0.485622555 0.010080393 -0.024614315 0.003226867 0.999641001
1773244745.805445 -0.020328008 0.061954066 0.486344010 0.010754240 -0.026018711 0.002755922 0.999599814
1773244745.846433 -0.020836556 0.062214661 0.487293035 0.011039788 -0.025385205 0.002595804 0.999613404
1773244745.871109 -0.021152128 0.061165303 0.487783164 0.008328024 -0.025156852 0.003207961 0.999643683
1773244745.911165 -0.021191493 0.061800420 0.488593280 0.009774870 -0.025355661 0.002567996 0.999627411
1773244745.937792 -0.021258818 0.060801484 0.489308536 0.007697202 -0.025426315 0.002990008 0.999642611
1773244745.970582 -0.021285564 0.061816700 0.490086883 0.009116472 -0.025498068 0.003056665 0.999628603
1773244746.010731 -0.020201735 0.062144876 0.491247028 0.010171088 -0.027851425 0.002442292 0.999557316
1773244746.038812 -0.020991188 0.062128279 0.492195964 0.009650638 -0.026422029 0.002657019 0.999600768
1773244746.078785 -0.021239586 0.062045649 0.492545605 0.009812342 -0.026446715 0.002469108 0.999598980
1773244746.105386 -0.021927347 0.062335584 0.493240267 0.010305162 -0.025223581 0.002300412 0.999626040
1773244746.138914 -0.021583093 0.062067091 0.494233400 0.009101031 -0.026126729 0.002658806 0.999613643
1773244746.177870 -0.021560613 0.062289447 0.495034218 0.009393042 -0.026251573 0.002370048 0.999608397
1773244746.204952 -0.022352275 0.061667647 0.495548218 0.007698111 -0.024647838 0.003179323 0.999661505
1773244746.244367 -0.022005498 0.061981965 0.496477187 0.008309592 -0.025487501 0.002799500 0.999636710
1773244746.271706 -0.021791695 0.062902614 0.497556388 0.010334480 -0.026231527 0.002545206 0.999599218
1773244746.311047 -0.022500893 0.062585942 0.498379946 0.009261138 -0.025008217 0.002293609 0.999641716
1773244746.339638 -0.021856373 0.063122548 0.499087572 0.010183648 -0.026885584 0.001929997 0.999584794
1773244746.390909 -0.022983173 0.063194171 0.499614269 0.010400335 -0.024301453 0.002087689 0.999648392
1773244746.410273 -0.022354415 0.062568456 0.500622213 0.008549850 -0.025812032 0.003261274 0.999624908
1773244746.439456 -0.022336958 0.063308120 0.501797378 0.009953899 -0.026091315 0.002358446 0.999607205
1773244746.476944 -0.021509096 0.063458152 0.502875090 0.009714746 -0.028344333 0.002539901 0.999547780
1773244746.504641 -0.021608917 0.063524187 0.503573358 0.010063113 -0.028705887 0.002772811 0.999533415
1773244746.539556 -0.022092212 0.063245691 0.504400671 0.009543152 -0.027864913 0.002583849 0.999562800
1773244746.577434 -0.021499287 0.063602164 0.505566776 0.009807657 -0.029417425 0.002996816 0.999514639
1773244746.604658 -0.022780225 0.063727878 0.505800962 0.010104642 -0.027103661 0.002498158 0.999578416
1773244746.644978 -0.023217838 0.063476138 0.506403804 0.009253177 -0.026354533 0.002552755 0.999606550
1773244746.672580 -0.023230981 0.063312575 0.507445633 0.008712797 -0.026672237 0.002626246 0.999602795
1773244746.712516 -0.022474539 0.063667364 0.508411109 0.009603998 -0.028660297 0.002962802 0.999538660
1773244746.739199 -0.021886606 0.064526059 0.509506643 0.011442188 -0.030470386 0.002036748 0.999468088
1773244746.772109 -0.023231242 0.064275883 0.510360360 0.010590293 -0.027982607 0.002049857 0.999550223
1773244746.811021 -0.022112563 0.064861745 0.511275589 0.012266353 -0.030782424 0.001788151 0.999449253
1773244746.839625 -0.023305358 0.064443029 0.511821628 0.010737591 -0.028490398 0.002569916 0.999533117
1773244746.879574 -0.023234181 0.064705059 0.512784302 0.011149485 -0.028933914 0.001738394 0.999517620
1773244746.905436 -0.023711540 0.064156890 0.513577759 0.009306563 -0.028127741 0.002182971 0.999558628
1773244746.939672 -0.023579288 0.064147308 0.514665782 0.008897736 -0.029055245 0.002998350 0.999533713
1773244746.978386 -0.023522697 0.064809337 0.515670657 0.009770161 -0.029816557 0.002672518 0.999504030
1773244747.005790 -0.023294386 0.065114237 0.516493857 0.010724661 -0.030956820 0.002126310 0.999460936
1773244747.044943 -0.023731098 0.065054379 0.517411530 0.010172800 -0.030329859 0.002787543 0.999484301
1773244747.073437 -0.024378257 0.065036774 0.518200397 0.009613298 -0.029443914 0.002904371 0.999515951
1773244747.112626 -0.023773648 0.064979404 0.518980563 0.009393645 -0.031459939 0.002757106 0.999457061
1773244747.139649 -0.023384534 0.065750986 0.519798100 0.011212926 -0.033076562 0.002392669 0.999387026
1773244747.173785 -0.024367545 0.065392062 0.520773649 0.009481514 -0.031362761 0.002498990 0.999459982
1773244747.212266 -0.024458710 0.065387391 0.521631062 0.009511825 -0.031454820 0.003082382 0.999455154
1773244747.239480 -0.023486765 0.065719545 0.522557139 0.009812144 -0.034046568 0.002247667 0.999369562
1773244747.278444 -0.023725502 0.066031083 0.523647368 0.010104419 -0.033931077 0.003071252 0.999368370
1773244747.306829 -0.024039004 0.065699160 0.524542391 0.009387584 -0.033920139 0.003248974 0.999375165
1773244747.340449 -0.024111826 0.066200361 0.525311828 0.010456376 -0.034437988 0.002974935 0.999347687
1773244747.379216 -0.023862533 0.066944376 0.526295006 0.011946739 -0.035445377 0.002452452 0.999297142
1773244747.406450 -0.024268530 0.066042632 0.527056158 0.008846398 -0.035039518 0.003201707 0.999341607
1773244747.446494 -0.024443554 0.066465050 0.527790844 0.010341882 -0.034771103 0.003012159 0.999337256
1773244747.473627 -0.024303235 0.066719845 0.528780639 0.010726109 -0.035905965 0.002646820 0.999294102
1773244747.516708 -0.024631223 0.066902667 0.529603004 0.010555927 -0.035716828 0.002900104 0.999302030
1773244747.539393 -0.024421612 0.066540122 0.530174255 0.009372660 -0.036686514 0.003127303 0.999277949
1773244747.573200 -0.023899380 0.066411600 0.530998111 0.008768494 -0.038627625 0.004056070 0.999206960
1773244747.612983 -0.024919670 0.066369727 0.531602085 0.008619801 -0.036825020 0.003521852 0.999278307
1773244747.639595 -0.025206070 0.066479526 0.532530665 0.008636938 -0.037080079 0.003673232 0.999268234
1773244747.680061 -0.025022984 0.067115635 0.533145010 0.010378214 -0.038206983 0.003375631 0.999210238
1773244747.706635 -0.024969157 0.067415260 0.534098864 0.010934666 -0.039103933 0.002808073 0.999171376
1773244747.741242 -0.025505191 0.067047551 0.534760296 0.009364009 -0.038401246 0.003229117 0.999213278
1773244747.780750 -0.024475217 0.067560352 0.535667181 0.010512345 -0.041710578 0.003351942 0.999068797
1773244747.806957 -0.025443183 0.066720404 0.536141276 0.008017863 -0.040021114 0.003883512 0.999159098
1773244747.850563 -0.025725720 0.067403942 0.537025094 0.009788002 -0.040176045 0.004054054 0.999136448
1773244747.872884 -0.025262794 0.067387156 0.537605405 0.010037513 -0.041837871 0.004135394 0.999065399
1773244747.913875 -0.025421610 0.067334794 0.538421929 0.009587151 -0.042356018 0.004497597 0.999046445
1773244747.941636 -0.025752263 0.067759059 0.539056063 0.010762453 -0.041910835 0.003793835 0.999056160
1773244747.975078 -0.024831973 0.069242135 0.540080070 0.014661207 -0.045009259 0.003521191 0.998872757
1773244748.013637 -0.025689200 0.067996182 0.540620267 0.010562695 -0.043412615 0.003837529 0.998993993
1773244748.041252 -0.025332963 0.067913480 0.541265666 0.010454770 -0.044989258 0.004334781 0.998923361
1773244748.080488 -0.025951818 0.068056524 0.542253435 0.009904793 -0.044262659 0.004676034 0.998959899
1773244748.106866 -0.026168978 0.068348743 0.542843521 0.010570765 -0.043879766 0.004353083 0.998971403
1773244748.141634 -0.027469492 0.067727625 0.543465734 0.008717227 -0.041294381 0.004081205 0.999100626
1773244748.180034 -0.026257871 0.068551287 0.544328511 0.010622263 -0.045126367 0.004160075 0.998916149
1773244748.208062 -0.026763799 0.069344118 0.544844151 0.012699583 -0.044284683 0.003862327 0.998930752
1773244748.248901 -0.027623245 0.069604747 0.545503080 0.013520434 -0.042835999 0.004204495 0.998981774
1773244748.275671 -0.027469924 0.069701940 0.546247602 0.012791929 -0.044239245 0.004322940 0.998929739
1773244748.314293 -0.027922999 0.069398321 0.547181010 0.012091707 -0.043762069 0.004629270 0.998958111
1773244748.342159 -0.027204322 0.069193400 0.547937751 0.010828063 -0.046456348 0.005481998 0.998846591
1773244748.375279 -0.027518889 0.069660336 0.548515975 0.012192944 -0.046294548 0.005164266 0.998840094
1773244748.414824 -0.027166409 0.069870412 0.549687624 0.012718519 -0.048312213 0.004745885 0.998740017
1773244748.441698 -0.028332934 0.067651324 0.550108433 0.006343130 -0.045821253 0.005565952 0.998914003
1773244748.480875 -0.026856180 0.070806414 0.551240802 0.015207619 -0.050461359 0.003974643 0.998602331
1773244748.508366 -0.027142566 0.070735909 0.552276731 0.014282065 -0.051161673 0.004688189 0.998577237
1773244748.541692 -0.028060019 0.070704751 0.552894473 0.013789226 -0.049213003 0.005073725 0.998680234
1773244748.581469 -0.027796645 0.069971189 0.553695142 0.011524965 -0.051040277 0.005099112 0.998617053
1773244748.608923 -0.027943995 0.070049331 0.554272056 0.011845544 -0.051377919 0.005967475 0.998591185
1773244748.648230 -0.028135588 0.069073200 0.555100739 0.007881312 -0.051792338 0.005231972 0.998613060
1773244748.674191 -0.027751794 0.067971073 0.555527627 0.005406420 -0.053285081 0.004351544 0.998555243
1773244748.715909 -0.027992936 0.067666568 0.556224048 0.004005579 -0.053095002 0.005168167 0.998568058
1773244748.743832 -0.027766332 0.070386134 0.557686508 0.011404744 -0.054719638 0.005770890 0.998419940
1773244748.775867 -0.027366173 0.071085632 0.558725178 0.012910718 -0.056836251 0.005874706 0.998282731
1773244748.815037 -0.026690379 0.071595773 0.559527338 0.013824127 -0.059595898 0.006391428 0.998106420
1773244748.842175 -0.028175618 0.070099086 0.559952617 0.009406609 -0.056416087 0.005842903 0.998345912
1773244748.883674 -0.029200912 0.069839768 0.560799062 0.008963511 -0.054974739 0.005362811 0.998433113
1773244748.908012 -0.028702866 0.071371943 0.561412156 0.012596814 -0.056876831 0.006592585 0.998279989
1773244748.942189 -0.028937303 0.071517199 0.562258005 0.013301679 -0.057138208 0.005972111 0.998259783
1773244748.980392 -0.028675575 0.071660735 0.562940300 0.013317984 -0.058772225 0.006176489 0.998163462
1773244749.009954 -0.028601594 0.071749970 0.563825667 0.013140551 -0.060139626 0.006025263 0.998085260
1773244749.047549 -0.029281337 0.071865343 0.564796031 0.013006468 -0.059611667 0.006980851 0.998112500
1773244749.074118 -0.028936177 0.071800545 0.565450430 0.012786974 -0.061417092 0.007196410 0.998004317
1773244749.108087 -0.029682159 0.071663149 0.566140056 0.012426686 -0.060336076 0.006335874 0.998080611
1773244749.148389 -0.029841822 0.071955509 0.566597819 0.013135726 -0.060582619 0.006175986 0.998057604
1773244749.175968 -0.030315537 0.072037660 0.567600846 0.013397907 -0.060981367 0.005548202 0.998033524
1773244749.214596 -0.029906373 0.072335266 0.568613350 0.013849423 -0.063781716 0.006434230 0.997847021
1773244749.241954 -0.030431151 0.072145864 0.569270790 0.012576749 -0.063671909 0.006645287 0.997869492
1773244749.283392 -0.029405411 0.072447605 0.571112812 0.013352498 -0.068523899 0.007058669 0.997535110
1773244749.309342 -0.029894475 0.073036462 0.571910799 0.015069214 -0.068408124 0.006928457 0.997519553
1773244749.343080 -0.030647624 0.072230756 0.571855485 0.011959703 -0.067113891 0.007029859 0.997648835
1773244749.381841 -0.030623920 0.071982458 0.572659016 0.010735684 -0.068623357 0.006709063 0.997562289
1773244749.408767 -0.030303381 0.073753566 0.574626803 0.016341940 -0.072254673 0.007520062 0.997223973
1773244749.453650 -0.029841211 0.073957771 0.575957716 0.016284568 -0.075690523 0.008454055 0.996962547
1773244749.475996 -0.030397989 0.073653959 0.576420367 0.014694347 -0.075269058 0.008743836 0.997016668
1773244749.510870 -0.031167708 0.073363170 0.576503038 0.014122304 -0.073497400 0.007610268 0.997166336
1773244749.553348 -0.030468240 0.073468328 0.578334987 0.013888901 -0.078712210 0.008082870 0.996767879
1773244749.576166 -0.030863088 0.073940992 0.579290152 0.014989518 -0.079547949 0.008530579 0.996681809
1773244749.616962 -0.031683207 0.072648242 0.580005527 0.010449297 -0.078784682 0.008442064 0.996801138
1773244749.641810 -0.031912614 0.072772384 0.580493987 0.010549020 -0.079217821 0.008436362 0.996765792
1773244749.690172 -0.031935871 0.074144855 0.581780434 0.014516706 -0.081378199 0.009544903 0.996531844
1773244749.710482 -0.031243205 0.073830470 0.583087504 0.013571331 -0.085936584 0.008602857 0.996170998
1773244749.742981 -0.031035468 0.073404677 0.584013224 0.012016459 -0.088692889 0.007736876 0.995956481
1773244749.783393 -0.031855069 0.074058339 0.584669769 0.013659985 -0.087804623 0.009087678 0.996002614
1773244749.809271 -0.032208174 0.074826024 0.585241318 0.015872693 -0.088224992 0.009615536 0.995927691
1773244749.849344 -0.032039627 0.075013056 0.586482465 0.016059803 -0.091505311 0.009553816 0.995629251
1773244749.876003 -0.032343917 0.074632309 0.587361336 0.014548808 -0.092530973 0.009208484 0.995560884
1773244749.910506 -0.032080524 0.075672694 0.588608086 0.017555583 -0.095984839 0.009934511 0.995178401
1773244749.950262 -0.031947844 0.075575374 0.589321256 0.017153159 -0.098494597 0.010375319 0.994935632
1773244749.977460 -0.032649398 0.075090513 0.589967728 0.015412142 -0.098317571 0.010618284 0.994979084
1773244750.020736 -0.032658264 0.074870244 0.590642631 0.014217842 -0.100388952 0.010583320 0.994790375
1773244750.043159 -0.033001542 0.074846566 0.591372550 0.014067605 -0.101780504 0.010690807 0.994649947
1773244750.085832 -0.033063211 0.075301036 0.592478454 0.015446007 -0.104418173 0.011454923 0.994347513
1773244750.113023 -0.033346452 0.074778572 0.593059778 0.013321959 -0.105773605 0.011490545 0.994234562
1773244750.144003 -0.033353657 0.075029209 0.593822956 0.014271453 -0.107799962 0.011448481 0.994004250
1773244750.183243 -0.033554904 0.074562743 0.594430149 0.012334960 -0.109317213 0.010962222 0.993869901
1773244750.209467 -0.033598803 0.074958272 0.595696270 0.012881220 -0.112715945 0.012714325 0.993462384
1773244750.249301 -0.033900350 0.074856408 0.596343994 0.012532229 -0.114193812 0.012046177 0.993306398
1773244750.276950 -0.033770360 0.075140402 0.597275257 0.013998723 -0.117414519 0.012088791 0.992910743
1773244750.310990 -0.034064949 0.075141117 0.597990930 0.012915567 -0.118990518 0.012736700 0.992729664
1773244750.349723 -0.034312926 0.075515449 0.598625898 0.014185824 -0.120329775 0.013580334 0.992539704
1773244750.377573 -0.034648687 0.075629279 0.599177659 0.013930721 -0.121683791 0.013318993 0.992381752
1773244750.418686 -0.034829371 0.075570680 0.599765003 0.014413436 -0.123336427 0.013379318 0.992170036
1773244750.445619 -0.035038084 0.075600997 0.600516140 0.014172727 -0.125708163 0.013549620 0.991873443
1773244750.483230 -0.035499059 0.075587943 0.601452172 0.014115917 -0.127594605 0.013866792 0.991629004
1773244750.511609 -0.035682455 0.075474203 0.602054715 0.012669174 -0.129537001 0.014308197 0.991390407
1773244750.542832 -0.035886593 0.075628377 0.602471113 0.014154209 -0.131983772 0.014519223 0.991044462
1773244750.585778 -0.036279008 0.076311484 0.603204966 0.015945530 -0.134437650 0.014742545 0.990684032
1773244750.611298 -0.036370806 0.076206766 0.604230583 0.015494813 -0.138291240 0.015552552 0.990148246
1773244750.654428 -0.036880776 0.076505877 0.604849994 0.016718734 -0.140420228 0.015004306 0.989837110
1773244750.678518 -0.037088215 0.076681666 0.605624914 0.017046068 -0.143982425 0.015619883 0.989310145
1773244750.710174 -0.037172467 0.076505981 0.606458485 0.015855186 -0.148323506 0.016215911 0.988678813
1773244750.750343 -0.037827849 0.076296329 0.606927752 0.015152798 -0.150704980 0.016721960 0.988321185
1773244750.778404 -0.038190439 0.076501839 0.607411325 0.016017865 -0.154175326 0.017824391 0.987752855
1773244750.817735 -0.038801536 0.077017047 0.608450592 0.017875964 -0.157379240 0.016306300 0.987241805
1773244750.945906 -0.039271966 0.076331913 0.608846128 0.015400639 -0.160252914 0.017205514 0.986805856
1773244751.015148 -0.040898621 0.076977350 0.611242592 0.017607449 -0.174614087 0.019059595 0.984294951
1773244751.025618 -0.041236371 0.076831296 0.612123311 0.016207071 -0.179017261 0.019848185 0.983512163
1773244751.050643 -0.041501209 0.077242561 0.612511396 0.018282812 -0.182970494 0.020694116 0.982730508
1773244751.078690 -0.042191148 0.076926574 0.613056064 0.016720252 -0.185088068 0.020550285 0.982364774
1773244751.111934 -0.042626157 0.076944083 0.613439739 0.016912399 -0.188220441 0.020885520 0.981759071
1773244751.149834 -0.042863876 0.076823711 0.614310026 0.016131984 -0.192866698 0.021581007 0.980854988
1773244751.179031 -0.043561682 0.077146314 0.614559650 0.017680548 -0.194824770 0.021525575 0.980442405
1773244751.218968 -0.044113055 0.077474244 0.614648998 0.017887374 -0.197051018 0.022635631 0.979968667
1773244751.245344 -0.044430971 0.077021509 0.615769863 0.016088843 -0.201398060 0.023031250 0.979106545
1773244751.291588 -0.044923931 0.077511862 0.616063774 0.018378558 -0.204561114 0.023372469 0.978402138
1773244751.312368 -0.045373857 0.077040337 0.616411924 0.016274026 -0.207484722 0.023529204 0.977819860
1773244751.346122 -0.045838237 0.077689104 0.616814852 0.018741840 -0.210731268 0.024098935 0.977067232
1773244751.386224 -0.046395615 0.077738464 0.617386281 0.018989667 -0.213635013 0.024797427 0.976414084
1773244751.413024 -0.046813011 0.077523597 0.617963731 0.017929200 -0.217475608 0.025041491 0.975579739
1773244751.452748 -0.047204509 0.077162147 0.618259668 0.016082596 -0.220666796 0.026338357 0.974860907
1773244751.477757 -0.047537103 0.077389866 0.619352579 0.018080840 -0.225433156 0.025769193 0.973749936
1773244751.512858 -0.048113301 0.076635934 0.620142698 0.013965947 -0.228560314 0.026938386 0.973056734
1773244751.559365 -0.048445821 0.076272182 0.620616674 0.012348843 -0.232392624 0.026440842 0.972184122
1773244751.579409 -0.048591718 0.074417554 0.620420933 0.003557870 -0.235956863 0.028256645 0.971346080
1773244751.624531 -0.049632251 0.077896982 0.621234238 0.018958073 -0.238133952 0.027151009 0.970667660
1773244751.650474 -0.050309986 0.077412859 0.622122169 0.017689435 -0.241363436 0.027141616 0.969893873
1773244751.683653 -0.050382853 0.074395232 0.623211801 0.002550997 -0.246416911 0.029461840 0.968712628
1773244751.712658 -0.050549865 0.074508391 0.623384714 0.003836807 -0.250933707 0.030585321 0.967513382
1773244751.746330 -0.051458582 0.077573337 0.623365641 0.017197983 -0.252579719 0.028825512 0.966993690
1773244751.791967 -0.051576898 0.077868782 0.623571038 0.018034510 -0.257294089 0.028345617 0.965748966
1773244751.821349 -0.052299082 0.078159101 0.624508739 0.019270763 -0.261292249 0.029964318 0.964602053
1773244751.851629 -0.053034231 0.078566462 0.625154972 0.020698830 -0.264501214 0.030355187 0.963685215
1773244751.878102 -0.053847477 0.078148574 0.625435233 0.018782102 -0.267024904 0.030825986 0.963013291
1773244751.911886 -0.054006457 0.078501880 0.625599802 0.020238904 -0.271385819 0.030802097 0.961764693
1773244751.952361 -0.054377243 0.079619452 0.626686871 0.025293302 -0.276578695 0.030262280 0.960181594
1773244751.981067 -0.055252805 0.079114422 0.627072513 0.022953216 -0.279842257 0.030261911 0.959294379
1773244752.018952 -0.056256682 0.078263171 0.627585053 0.018471271 -0.281729609 0.032513112 0.958764911
1773244752.046372 -0.056620970 0.078608096 0.628006339 0.020378036 -0.286166668 0.032148439 0.957423568
1773244752.084459 -0.057121217 0.078911170 0.628580153 0.020540405 -0.290218711 0.033975806 0.956136405
1773244752.113125 -0.058428451 0.077784032 0.628120542 0.015835445 -0.289474487 0.034155373 0.956445038
1773244752.147223 -0.058721840 0.078226447 0.629431605 0.017975468 -0.296260655 0.034341272 0.954320252
1773244752.184347 -0.059133708 0.078022555 0.629937530 0.017186318 -0.300622076 0.034029707 0.952981114
1773244752.212897 -0.060146719 0.078633457 0.629849732 0.019702766 -0.301392764 0.034709405 0.952664435
1773244752.257106 -0.060599953 0.078609511 0.630539954 0.019739347 -0.306161404 0.035090804 0.951127827
1773244752.279731 -0.061081320 0.078275122 0.631045997 0.018218352 -0.310257077 0.035592958 0.949811459
1773244752.324350 -0.061575532 0.078397572 0.631445765 0.018523550 -0.313771814 0.036323112 0.948622584
1773244752.350080 -0.062324643 0.078183405 0.631688416 0.017459180 -0.316750020 0.036879573 0.947631001
1773244752.380109 -0.062752306 0.078487575 0.632440150 0.019104928 -0.321188003 0.036544356 0.946117222
1773244752.420671 -0.063503534 0.078803837 0.632786512 0.020542732 -0.324262589 0.037339207 0.945006669
1773244752.446752 -0.063985705 0.079104036 0.633098483 0.022098590 -0.327565789 0.037608407 0.943820894
1773244752.485765 -0.064402491 0.078620344 0.633542657 0.019713163 -0.331337065 0.037951551 0.942542732
1773244752.512997 -0.065305710 0.078818925 0.633739948 0.019977536 -0.333750725 0.038496539 0.941663086
1773244752.547393 -0.065723777 0.078919344 0.634317219 0.021454124 -0.337299079 0.038921904 0.940347850
1773244752.586458 -0.066215664 0.078690201 0.634950817 0.019875566 -0.341755897 0.038885068 0.938773572
1773244752.612489 -0.066934377 0.078724623 0.635045052 0.020164086 -0.344089866 0.039444260 0.937891066
1773244752.653943 -0.067457438 0.078973636 0.635370910 0.021286221 -0.347193450 0.039380796 0.936724424
1773244752.680384 -0.068054557 0.078892887 0.635542810 0.021002188 -0.349883288 0.040172391 0.935695887
1773244752.714117 -0.068706393 0.078925923 0.635921717 0.020462682 -0.353162885 0.041186366 0.934430778
1773244752.752760 -0.069180667 0.079099789 0.636036754 0.021968285 -0.355765313 0.040364336 0.933444738
1773244752.780035 -0.069865465 0.079254970 0.636534929 0.021969477 -0.359122664 0.041030288 0.932129145
1773244752.825034 -0.070582032 0.078964256 0.636975229 0.020791253 -0.362468541 0.040788855 0.930870831
1773244752.846624 -0.071171731 0.079172239 0.636914790 0.021693069 -0.364761144 0.041400287 0.929927289
1773244752.886078 -0.071791798 0.079107553 0.637400031 0.021164276 -0.368655741 0.042078413 0.928371906
1773244752.914972 -0.072207034 0.078820691 0.637999773 0.020019209 -0.372790784 0.043262005 0.926690161
1773244752.948410 -0.072839320 0.078844339 0.638016224 0.019903786 -0.375517130 0.043565720 0.925576925
1773244752.988361 -0.073597342 0.078820676 0.638094783 0.019663567 -0.378300399 0.043445192 0.924453735
1773244753.014887 -0.074179173 0.078805655 0.638871670 0.019706506 -0.382964343 0.043433700 0.922531009
1773244753.054462 -0.074973077 0.078859694 0.638966680 0.020237522 -0.385351568 0.043680590 0.921513200
1773244753.081310 -0.075555712 0.078867331 0.639324307 0.020041388 -0.389806062 0.044040006 0.919624925
1773244753.114297 -0.076379865 0.079222389 0.639578104 0.021167129 -0.393359542 0.044368219 0.918069541
1773244753.152339 -0.077087253 0.079083920 0.639907837 0.021308998 -0.396922708 0.045136962 0.916493833
1773244753.180858 -0.077773660 0.078046620 0.640322089 0.016210021 -0.400822699 0.046068069 0.914853096
1773244753.221404 -0.078354478 0.077606216 0.640677869 0.013433762 -0.405615896 0.047842652 0.912691832
1773244753.247568 -0.079271704 0.078062266 0.641047955 0.015914520 -0.408724844 0.047524903 0.911280513
1773244753.293347 -0.079603642 0.080291182 0.641088605 0.027490996 -0.413704246 0.044821844 0.908891678
1773244753.312906 -0.080595613 0.079269215 0.641461015 0.022074375 -0.416242063 0.047408827 0.907748640
1773244753.348899 -0.081772476 0.080813646 0.641949058 0.029915323 -0.420474023 0.047438283 0.905569613
1773244753.391653 -0.081906378 0.080933377 0.641826093 0.032568183 -0.424921989 0.045463193 0.903500795
1773244753.419895 -0.082500041 0.082350031 0.642100453 0.041513484 -0.430616438 0.041538283 0.900622368
1773244753.453015 -0.083354443 0.083389819 0.642346501 0.045722377 -0.433861047 0.042473126 0.898815870
1773244753.480827 -0.083692640 0.079557881 0.642549992 0.023116937 -0.435713023 0.050025541 0.898396969
1773244753.514227 -0.084943235 0.079740793 0.643302441 0.024140362 -0.439829618 0.049207196 0.896407127
1773244753.554650 -0.085286498 0.079756320 0.643648684 0.024798172 -0.444230735 0.050216239 0.894160151
1773244753.580599 -0.086425483 0.079832368 0.644026220 0.024361886 -0.447860241 0.050228469 0.892359138
1773244753.620402 -0.086880296 0.079748631 0.644164681 0.023969099 -0.451478958 0.050958756 0.890502930
1773244753.648369 -0.087554455 0.079558343 0.644592643 0.022932798 -0.456039757 0.051498253 0.888172150
1773244753.686430 -0.088150829 0.079596221 0.644853175 0.022904890 -0.459854424 0.052058022 0.886171103
1773244753.714696 -0.089061677 0.079705626 0.645402908 0.023901524 -0.463257015 0.052311402 0.884355783
1773244753.747564 -0.089700669 0.079434022 0.645771086 0.023731593 -0.467165440 0.051861331 0.882328570
1773244753.787589 -0.090474993 0.079784453 0.645503163 0.024567926 -0.470019996 0.052620567 0.880743265
1773244753.813833 -0.091328561 0.079490684 0.645432830 0.024086637 -0.472396046 0.052306000 0.879503191
1773244753.853719 -0.091957420 0.079700246 0.645493567 0.024359629 -0.475911707 0.053478144 0.877527595
1773244753.880949 -0.092461765 0.079756245 0.645260930 0.024300218 -0.478831261 0.053976312 0.875909090
1773244753.915133 -0.093099087 0.079421639 0.646417320 0.022330219 -0.484299600 0.055584110 0.872849166
1773244753.955153 -0.093989551 0.079556406 0.646619081 0.023775445 -0.487525463 0.055812318 0.870998681
1773244753.982424 -0.094484597 0.079551816 0.646858335 0.023975177 -0.492043197 0.054328497 0.868543088
1773244754.024272 -0.094983548 0.079621658 0.647142172 0.023601288 -0.496222526 0.056298252 0.866046607
1773244754.048876 -0.095814213 0.079335079 0.647338867 0.022577742 -0.500026286 0.056354109 0.863879740
1773244754.087523 -0.096571922 0.079552069 0.648084283 0.024426635 -0.504624367 0.055553660 0.861203432
1773244754.115299 -0.096805930 0.079268977 0.648135722 0.023597712 -0.508975148 0.056216795 0.858619273
1773244754.148052 -0.097514272 0.079352386 0.648117006 0.023967367 -0.512544453 0.055877063 0.856505394
1773244754.188065 -0.098593444 0.079367101 0.649022639 0.023612242 -0.517065167 0.057233904 0.853703916
1773244754.214941 -0.100346640 0.081531577 0.647957027 0.029055670 -0.516363442 0.059163783 0.853829145
1773244754.257325 -0.100396365 0.083504722 0.648963869 0.032543331 -0.523543775 0.064173386 0.848955035
1773244754.286595 -0.101223275 0.085153624 0.649253726 0.037847098 -0.527075648 0.066398025 0.846374750
1773244754.314644 -0.102273777 0.086856954 0.649201810 0.042695645 -0.529917538 0.070487641 0.844035506
