1773839797.034737 -0.007935809 0.003278787 0.043484602 -0.001336136 0.055236895 -0.002450501 0.998469353
1773839797.066531 -0.007657015 0.003032647 0.044056945 -0.001531147 0.055911079 -0.002796943 0.998430669
1773839797.100786 -0.007907388 0.002986581 0.044724528 -0.002173180 0.056810308 -0.002588187 0.998379290
1773839797.135117 -0.007479315 0.003612358 0.043782786 -0.001176637 0.057498183 -0.001415197 0.998343885
1773839797.167971 -0.007720560 0.003520055 0.044324838 0.000001174 0.057501435 -0.002887755 0.998341262
1773839797.199505 -0.006587630 0.003096688 0.040597793 0.000671334 0.056799658 -0.001849850 0.998383641
1773839797.235672 -0.006713894 0.002922907 0.040305879 0.002225869 0.057601959 0.003127515 0.998332262
1773839797.266920 -0.007315622 0.003368634 0.041958276 0.000161039 0.057108428 -0.003327182 0.998362422
1773839797.300926 -0.007005886 0.003282666 0.041387208 0.002245481 0.057321962 0.000460751 0.998353124
1773839797.334435 -0.007014363 0.003298706 0.041934446 0.002559947 0.057203177 0.001042977 0.998358727
1773839797.368282 -0.007592890 0.003658770 0.044020258 0.006280134 0.055978760 -0.004921523 0.998400092
1773839797.401244 -0.007593276 0.003713847 0.044868063 0.002925846 0.057732593 0.004596412 0.998317182
1773839797.435153 -0.007473723 0.003821199 0.044536877 0.004642296 0.057106957 0.001457945 0.998356223
1773839797.468692 -0.008056448 0.004127444 0.046312451 0.000294458 0.056752831 -0.003448098 0.998382270
1773839797.501111 -0.008348752 0.004384859 0.047234021 0.005380640 0.057663534 0.005129687 0.998308361
1773839797.534395 -0.007798995 0.003994942 0.046907242 0.009880553 0.054709677 0.000978389 0.998452902
1773839797.572118 -0.008174188 0.003954810 0.047702659 0.009921563 0.054091997 -0.001126332 0.998486042
1773839797.601575 -0.007524423 0.003929138 0.046474524 0.008966512 0.053776473 0.002421085 0.998509824
1773839797.639447 -0.007993661 0.004177679 0.047599480 0.009525596 0.053994451 0.002490096 0.998492658
1773839797.668396 -0.007952830 0.004182194 0.047932502 0.008337727 0.053194750 0.001457468 0.998548269
1773839797.701284 -0.008112157 0.004458373 0.048999205 0.009316208 0.053313605 0.004222651 0.998525441
1773839797.740484 -0.008287190 0.004556498 0.049753606 0.010214048 0.052923791 0.001682127 0.998544872
1773839797.768520 -0.008079823 0.004443418 0.050423592 0.011854216 0.052861985 0.002889428 0.998527288
1773839797.806153 -0.007640962 0.004279363 0.050504386 0.009703998 0.052720051 0.001525387 0.998561025
1773839797.833857 -0.010185733 0.004316854 0.062282611 0.011827914 0.054540433 0.001718478 0.998440027
1773839797.873747 -0.009482342 0.004715293 0.059252433 0.010212311 0.056574281 0.001814854 0.998344541
1773839797.901989 -0.009362127 0.004666506 0.060021147 0.010163707 0.060602788 0.001096450 0.998109639
1773839797.935107 -0.009663496 0.004952193 0.061066505 0.009040538 0.066093609 0.002227386 0.997769952
1773839797.973897 -0.009582262 0.004874103 0.061810862 0.009253217 0.071241461 0.000868417 0.997415781
1773839798.000997 -0.009848115 0.004884093 0.062974937 0.009152809 0.077720426 -0.000827533 0.996932805
1773839798.034761 -0.009897652 0.004947458 0.063558318 0.008380518 0.084482640 -0.000047546 0.996389687
1773839798.073722 -0.009833553 0.005178402 0.064331420 0.008084460 0.090388201 -0.002287109 0.995871186
1773839798.101457 -0.009803609 0.005146449 0.065250866 0.005621811 0.096603826 -0.001084994 0.995306432
1773839798.140780 -0.009744292 0.004898603 0.064806990 0.007157278 0.102444321 0.000564504 0.994712830
1773839798.168643 -0.009932828 0.005036604 0.065799937 0.006199779 0.106337927 -0.004328942 0.994301260
1773839798.207314 -0.009686499 0.005534336 0.067593917 0.005741507 0.110396877 -0.000001744 0.993871033
1773839798.235108 -0.009607362 0.005356045 0.067981236 0.005989551 0.112932630 -0.002302930 0.993581951
1773839798.271757 -0.009586952 0.005518245 0.069005758 0.002122281 0.116181478 -0.000016269 0.993225753
1773839798.308312 -0.009503039 0.005368921 0.069179878 0.005551850 0.117466092 0.000467236 0.993061244
1773839798.336194 -0.009655239 0.005560673 0.069959447 0.004716740 0.118137769 0.001225075 0.992985249
1773839798.374228 -0.009628265 0.005649590 0.070618056 0.004846984 0.118219711 -0.001877153 0.992973864
1773839798.401233 -0.009513915 0.005682564 0.071422063 0.003868308 0.119015455 0.000222245 0.992884874
1773839798.434754 -0.009511398 0.005362770 0.070468947 0.004384351 0.120285586 0.001117682 0.992729008
1773839798.475286 -0.009354489 0.005293678 0.069946408 0.003272930 0.121175788 -0.001423612 0.992624640
1773839798.502536 -0.009291472 0.005399288 0.070455402 0.003963260 0.122520097 -0.000946204 0.992457688
1773839798.540261 -0.009012105 0.005242410 0.070842877 0.004027033 0.123503648 -0.000878560 0.992335558
1773839798.569494 -0.009151597 0.005478329 0.071684808 0.001729094 0.126591742 0.000299545 0.991953313
1773839798.603396 -0.009006165 0.005452280 0.072202712 0.001548889 0.128417373 -0.001500977 0.991717875
1773839798.641548 -0.009205483 0.005967005 0.075342253 0.003312573 0.130632654 0.003013185 0.991420746
1773839798.669893 -0.009164177 0.005840480 0.075679488 0.002033275 0.131050378 -0.002169747 0.991371274
1773839798.707669 -0.008747755 0.005810106 0.077976733 0.000848308 0.134062633 0.001075043 0.990971923
1773839798.735914 -0.008747334 0.005768493 0.078373089 0.001913613 0.137225986 -0.000769949 0.990537643
1773839798.768163 -0.008733600 0.005912805 0.078862570 0.001940586 0.142485350 -0.000344575 0.989794970
1773839798.807855 -0.008540398 0.006041650 0.079421140 0.001442915 0.147827774 -0.001071157 0.989011467
1773839798.836419 -0.008925889 0.005966859 0.080054037 -0.000132420 0.155432716 0.000920035 0.987846017
1773839798.875281 -0.008601224 0.005948301 0.081134036 0.001450795 0.161260530 -0.002242941 0.986908257
1773839798.903548 -0.008633750 0.005911737 0.081382230 0.001643505 0.169045433 -0.001069232 0.985606313
1773839798.936904 -0.008856248 0.006410047 0.083519690 0.000815261 0.176903114 -0.002776196 0.984224021
1773839798.974846 -0.008403860 0.006025020 0.083610713 -0.000435779 0.183557808 -0.001861674 0.983007073
1773839799.003066 -0.008737344 0.006184517 0.083819747 0.001079607 0.190852165 0.000323952 0.981618106
1773839799.041925 -0.008814257 0.005876949 0.083808571 0.001637210 0.196759343 -0.007906955 0.980418563
1773839799.069645 -0.008406775 0.006554255 0.084289655 -0.000485943 0.205134168 -0.002137986 0.978731394
1773839799.102824 -0.008303193 0.006485341 0.084395096 -0.002606698 0.213407010 0.000016916 0.976959884
1773839799.143223 -0.007965602 0.006566234 0.084390990 0.002204769 0.220480397 -0.006482308 0.975367367
1773839799.169359 -0.007567454 0.006510838 0.084745795 0.002708594 0.228803128 -0.004759494 0.973457336
1773839799.208653 -0.007648580 0.006485735 0.083622560 0.001275949 0.237341210 -0.004599064 0.971414626
1773839799.236718 -0.007492598 0.006704842 0.086149804 0.000703441 0.245296732 -0.005999214 0.969429195
1773839799.270757 -0.007594269 0.006341561 0.085766628 0.001342872 0.253756166 -0.006438092 0.967245877
1773839799.308022 -0.007326595 0.006699589 0.086870693 0.001723747 0.262544751 -0.007233006 0.964891136
1773839799.337207 -0.007076617 0.006435810 0.086689539 0.001022000 0.272113740 -0.007977869 0.962231457
1773839799.374305 -0.006984711 0.006339971 0.085741416 0.002112192 0.281890929 -0.007920110 0.959411442
1773839799.402612 -0.006731916 0.006308287 0.085926294 0.002651234 0.291338116 -0.009995868 0.956564248
1773839799.437588 -0.006775841 0.006434899 0.087193176 0.001636929 0.301753432 -0.011338542 0.953317165
1773839799.474485 -0.006618667 0.006394519 0.088382408 0.001402381 0.312597156 -0.010461600 0.949827135
1773839799.504151 -0.006638370 0.006205427 0.087968871 0.002360596 0.323086977 -0.011859874 0.946292043
1773839799.541583 -0.006565370 0.006315052 0.088049881 0.001756951 0.333836883 -0.012399878 0.942547619
1773839799.571341 -0.005846858 0.005953837 0.088883169 0.001585951 0.345138133 -0.013017877 0.938460290
1773839799.603726 -0.005716737 0.005977563 0.089259937 0.002005685 0.356821716 -0.013633415 0.934070826
1773839799.642359 -0.005115487 0.006909555 0.094881386 0.001934003 0.368817806 -0.015463986 0.929371059
1773839799.670114 -0.004881885 0.006806898 0.095133394 0.001290191 0.380522817 -0.017022004 0.924613953
1773839799.709997 -0.004661199 0.006885931 0.095446706 0.001081398 0.392430484 -0.018276529 0.919599414
1773839799.738595 -0.004348818 0.006766811 0.095343180 0.000884853 0.404824287 -0.017222727 0.914231837
1773839799.776879 -0.004499510 0.006708731 0.095382974 0.000570648 0.417378217 -0.016968302 0.908574224
1773839799.803005 -0.004622571 0.006692475 0.095533580 0.000056830 0.428981036 -0.022204857 0.903040528
1773839799.837054 -0.004639320 0.006798591 0.095180631 0.002769800 0.441763222 -0.016716007 0.896971643
1773839799.871270 -0.004449438 0.007070301 0.095639139 0.000743016 0.452634513 -0.024265865 0.891365588
1773839799.905791 -0.004822910 0.006998300 0.095265299 0.002357785 0.465755492 -0.018994741 0.884706378
1773839799.939588 -0.003738813 0.006603146 0.096145645 0.000731026 0.476801127 -0.021176863 0.878755748
1773839799.971599 -0.004042957 0.006511155 0.095423236 0.002502706 0.487391472 -0.023197746 0.872871757
1773839800.004188 -0.003967356 0.006457422 0.096266612 0.002904725 0.498493344 -0.023735821 0.866563678
1773839800.037790 -0.003725979 0.006364864 0.096362829 0.001788153 0.508526266 -0.026679162 0.860631168
1773839800.070795 -0.002598800 0.006414924 0.096557409 0.002801792 0.518555880 -0.024859408 0.854677677
1773839800.105145 -0.002876390 0.006521502 0.096197248 0.001476703 0.528643847 -0.025971517 0.848445058
1773839800.137485 -0.002509940 0.006202354 0.096361622 0.001557022 0.539232969 -0.024859570 0.841788173
1773839800.169949 -0.002885662 0.006449491 0.096687406 -0.000202193 0.548918903 -0.031202504 0.835293055
1773839800.205413 -0.002678851 0.006320738 0.096636191 0.003063755 0.560214460 -0.025429629 0.827951491
1773839800.237764 -0.002670899 0.006293219 0.095851451 0.000873396 0.568242490 -0.031452145 0.822259367
1773839800.271247 -0.002537575 0.006487075 0.096860826 0.001330364 0.577836394 -0.030273581 0.815589905
1773839800.303239 -0.001914781 0.006434387 0.096704587 0.001815204 0.587251246 -0.029775435 0.808854818
1773839800.339267 -0.001514597 0.006353263 0.096615642 0.001515484 0.595838368 -0.029483063 0.802561581
1773839800.372838 -0.001040069 0.006588522 0.096491106 0.000223215 0.603875816 -0.030042360 0.796512008
1773839800.404165 -0.001147345 0.006427099 0.096502259 0.000519220 0.611229300 -0.034776807 0.790688932
1773839800.437755 -0.002060153 0.006565366 0.096729636 0.002302530 0.620638728 -0.031319749 0.783467531
1773839800.471769 -0.002139224 0.006615344 0.097015761 0.000576417 0.627995670 -0.033031695 0.777515292
1773839800.505014 -0.002188876 0.006511125 0.097010501 0.001505085 0.634726703 -0.035664186 0.771911740
1773839800.539278 -0.002408752 0.006621770 0.097010083 0.001311969 0.641748369 -0.037166204 0.766013026
1773839800.571982 -0.002179768 0.006739346 0.097125530 0.000654655 0.647985876 -0.036101304 0.760795951
1773839800.605680 -0.002240178 0.006420070 0.096975580 0.000292091 0.653202116 -0.039351318 0.756160319
1773839800.637571 -0.001764944 0.006429483 0.096851811 0.001404287 0.659265399 -0.039404936 0.750875771
1773839800.671970 -0.001966521 0.006399679 0.097060263 -0.000451494 0.665153086 -0.041047260 0.745577812
1773839800.705787 -0.001634368 0.006384938 0.096825659 0.001534768 0.671566725 -0.033769619 0.740172565
1773839800.738108 -0.001728864 0.006321945 0.097021632 0.000715102 0.675797522 -0.043708678 0.735789895
1773839800.771847 -0.001830256 0.006306319 0.097021610 0.001193312 0.682257295 -0.038124412 0.730116546
1773839800.805288 -0.001850151 0.006521810 0.097043172 -0.000226661 0.686482728 -0.041790612 0.725944102
