1773839641.792385 -0.002419980 0.000444648 0.005731934 -0.007403499 -0.040288284 -0.006130376 0.999141872
1773839641.818743 -0.002447603 0.000370595 0.005876746 -0.007746793 -0.042824164 -0.005615911 0.999036789
1773839641.857718 -0.003947749 0.001920738 0.010787048 -0.006205688 -0.045499742 -0.004600797 0.998934507
1773839641.883946 -0.003990797 0.001813483 0.011312533 -0.006313050 -0.047153458 -0.003555229 0.998861372
1773839641.917289 -0.004399103 0.001803922 0.011661178 -0.006320081 -0.047137253 -0.003829173 0.998861074
1773839641.961643 -0.004191714 0.001717145 0.012108079 -0.004795936 -0.047653094 -0.004554849 0.998842061
1773839641.985080 -0.003956718 0.001546759 0.012580419 -0.005753253 -0.045246325 0.000021071 0.998959303
1773839642.022895 -0.003759786 0.001772722 0.012639063 -0.003783803 -0.041484818 -0.004228985 0.999123037
1773839642.050847 -0.003986725 0.002047894 0.013412114 -0.004398360 -0.037053104 -0.004136749 0.999295056
1773839642.089564 -0.003051324 0.001946951 0.013288995 -0.005811955 -0.034130886 -0.003886519 0.999392927
1773839642.118617 -0.002932973 0.001609488 0.012073533 -0.004557829 -0.033068001 -0.006015185 0.999424577
1773839642.152478 -0.003447544 0.002000439 0.013504466 -0.003397127 -0.031163797 -0.004790326 0.999497056
1773839642.189663 -0.003561129 0.002117609 0.013945787 -0.002412004 -0.030314330 -0.005160114 0.999524176
1773839642.218843 -0.002074871 0.000610244 0.008977685 -0.005830596 -0.028257741 -0.003413884 0.999577820
1773839642.256939 -0.002115684 0.000574072 0.009256108 -0.002915871 -0.027954970 -0.008847645 0.999565780
1773839642.285239 -0.001784483 0.000570457 0.009713070 -0.003982670 -0.026769543 -0.007041656 0.999608874
1773839642.318937 -0.003470753 0.002136581 0.016306132 -0.002608189 -0.025991166 -0.005176856 0.999645352
1773839642.357387 -0.003555890 0.002069406 0.016807381 -0.002681160 -0.025681389 -0.005463278 0.999651670
1773839642.385744 -0.003629825 0.001873322 0.017422333 -0.003083754 -0.025954716 -0.006440897 0.999637604
1773839642.424845 -0.003341982 0.001825742 0.017412743 -0.002393153 -0.025960699 -0.005866881 0.999642849
1773839642.452458 -0.003296755 0.001672680 0.017820509 0.000863491 -0.026360907 -0.008211168 0.999618411
1773839642.486896 -0.003380388 0.001970853 0.018652694 -0.000918033 -0.025399150 -0.002296099 0.999674380
1773839642.523917 -0.003298725 0.002056825 0.019297129 0.000626239 -0.025580093 -0.006052166 0.999654293
1773839642.552174 -0.003262440 0.001486812 0.017748620 -0.000687986 -0.023816243 -0.007412790 0.999688625
1773839642.590498 -0.003058958 0.001438674 0.018416034 -0.001256501 -0.023151653 -0.007562067 0.999702573
1773839642.619274 -0.002861848 0.001435057 0.018414324 -0.000517113 -0.022823658 -0.009476403 0.999694467
1773839642.652915 -0.002983349 0.001439528 0.019420769 -0.001998249 -0.022249490 -0.005693730 0.999734282
1773839642.690125 -0.003110817 0.001584628 0.020071488 0.000864246 -0.023065623 -0.007613459 0.999704599
1773839642.718474 -0.002756731 0.001423461 0.020402644 0.000543918 -0.023566876 -0.008593755 0.999685168
1773839642.758141 -0.002938982 0.001483982 0.021343213 -0.002124409 -0.022203967 -0.006561675 0.999729693
1773839642.786082 -0.003088738 0.001774813 0.022113230 -0.000362284 -0.022277096 -0.009045856 0.999710858
1773839642.819777 -0.003054564 0.001780846 0.022876380 -0.001568862 -0.021486633 -0.006666235 0.999745667
1773839642.860227 -0.003050081 0.001828395 0.023377530 0.000827714 -0.021377709 -0.007751169 0.999741018
1773839642.885849 -0.002954054 0.001882669 0.024108935 -0.000909121 -0.020396292 -0.008142620 0.999758422
1773839642.923846 -0.002957511 0.001955659 0.024973625 -0.003277820 -0.018929081 -0.005717780 0.999799132
1773839642.952065 -0.002807529 0.001942616 0.023604469 -0.000695481 -0.019404816 -0.007045417 0.999786615
1773839642.985448 -0.002746812 0.002031472 0.024286240 -0.000621783 -0.019213893 -0.005504451 0.999800026
1773839643.027616 -0.002707041 0.002064508 0.024747990 0.000113627 -0.019036736 -0.005026130 0.999806106
1773839643.052171 -0.002904522 0.002045519 0.025549615 -0.001533428 -0.018246014 -0.007727650 0.999802470
1773839643.090859 -0.002735538 0.002276671 0.026202910 -0.001812374 -0.016991587 -0.004552762 0.999843597
1773839643.120795 -0.002510185 0.002254002 0.026779134 -0.002338391 -0.017124446 -0.003311760 0.999845147
1773839643.152761 -0.002559283 0.002333919 0.027552359 -0.001945132 -0.017784754 -0.005641474 0.999824047
1773839643.191876 -0.002593525 0.002233189 0.027473042 -0.000164227 -0.018408835 -0.003866756 0.999823093
1773839643.218984 -0.002618624 0.002262195 0.028168565 -0.000368696 -0.018856689 -0.003251904 0.999816895
1773839643.257544 -0.003102968 0.002323652 0.029123077 -0.001799452 -0.017953761 -0.006446238 0.999816418
1773839643.286548 -0.003041283 0.002290799 0.029568719 -0.002087020 -0.016823810 -0.003601224 0.999849796
1773839643.318775 -0.002695205 0.002408716 0.029925050 -0.001887314 -0.016993966 -0.004948052 0.999841571
1773839643.357958 -0.002546177 0.002469752 0.030318493 -0.003006798 -0.016869716 -0.004290471 0.999843955
1773839643.385453 -0.002988683 0.002493331 0.031279992 -0.000338935 -0.016558770 -0.001147605 0.999862194
1773839643.424577 -0.003353438 0.002716848 0.031921092 -0.003061544 -0.016592145 -0.005912087 0.999840140
1773839643.454144 -0.003365071 0.002486516 0.032381862 -0.001379334 -0.016150847 -0.005654836 0.999852598
1773839643.486212 -0.003416303 0.002551878 0.032959335 -0.000643664 -0.015743878 -0.002682733 0.999872267
1773839643.524619 -0.003416697 0.002674468 0.033641301 0.000524068 -0.016565597 -0.004939219 0.999850452
1773839643.553484 -0.003367859 0.002620356 0.034378275 -0.001479700 -0.015887070 -0.005485886 0.999857664
1773839643.595378 -0.003781256 0.002720099 0.034889743 -0.000369643 -0.014325507 -0.005488088 0.999882281
1773839643.621159 -0.003889663 0.002698747 0.035587270 -0.000234813 -0.013980592 -0.007636475 0.999873102
1773839643.653558 -0.003969267 0.002739997 0.036210209 -0.000490583 -0.012648735 -0.002398907 0.999917030
1773839643.692508 -0.004080837 0.002803250 0.036936466 -0.001322826 -0.012568955 -0.007819502 0.999889553
1773839643.719318 -0.004047931 0.002865517 0.037555479 0.000252462 -0.011934697 -0.004073181 0.999920428
1773839643.758993 -0.004214398 0.003002898 0.038351517 -0.003548726 -0.011742916 -0.003107941 0.999919891
1773839643.787187 -0.003573437 0.002147486 0.030086985 0.002017823 -0.013065335 -0.009207846 0.999870181
1773839643.821048 -0.003566152 0.001998940 0.030574113 0.004846131 -0.013554743 -0.002699669 0.999892771
1773839643.859888 -0.003883099 0.002229424 0.031349503 0.005280523 -0.016292835 -0.013325984 0.999764502
1773839643.886709 -0.003637022 0.002262359 0.032026920 0.006351380 -0.017422849 -0.010721718 0.999770522
1773839643.927235 -0.003664736 0.002328339 0.032883145 -0.001309425 -0.016251504 0.000423744 0.999867022
1773839643.952298 -0.003998290 0.002185299 0.033597957 0.003798128 -0.018388314 -0.009448547 0.999779046
1773839643.987431 -0.004044835 0.002460299 0.034188982 0.004001554 -0.019211944 -0.012276348 0.999732077
1773839644.026619 -0.004147718 0.002525342 0.035265956 -0.001913488 -0.018616680 -0.005585927 0.999809265
1773839644.054222 -0.004073077 0.002631788 0.035779923 0.001013852 -0.020150205 -0.006524171 0.999775112
1773839644.093192 -0.004156908 0.002527852 0.036607772 0.002602647 -0.022228537 -0.009236146 0.999706864
1773839644.120276 -0.004108101 0.002593122 0.037425630 0.002058117 -0.022713004 -0.001292858 0.999739110
1773839644.154068 -0.004259266 0.002567229 0.038116995 0.003179663 -0.024831336 -0.007686561 0.999657035
1773839644.193120 -0.004155004 0.002744450 0.038837932 0.000331746 -0.026392149 -0.004750181 0.999640346
1773839644.220595 -0.004342739 0.002805980 0.039851762 -0.005433330 -0.027399706 -0.003845188 0.999602437
1773839644.261980 -0.004403960 0.002957050 0.040594246 -0.003631217 -0.028998746 -0.005958194 0.999555111
1773839644.286409 -0.004410443 0.002943303 0.041573029 -0.005926051 -0.029715840 -0.003708426 0.999533951
1773839644.320651 -0.004398465 0.002987192 0.042273831 -0.006293270 -0.030076856 -0.002583089 0.999524415
1773839644.359680 -0.004624895 0.003144634 0.042988449 -0.004939560 -0.030051174 -0.004426271 0.999526322
1773839644.387828 -0.004730243 0.003147349 0.043852888 -0.007067961 -0.028599316 -0.004289798 0.999556780
1773839644.425394 -0.004504511 0.003152165 0.043579906 -0.007219655 -0.027237751 -0.004213858 0.999594033
1773839644.454714 -0.004542521 0.003289780 0.044359613 -0.007223718 -0.024060106 0.000253308 0.999684393
1773839644.487308 -0.004711521 0.003189388 0.045176759 -0.008038646 -0.022218212 -0.004311568 0.999711514
1773839644.526700 -0.004685889 0.003226269 0.045982800 -0.011008049 -0.018669745 -0.003209076 0.999759972
1773839644.554794 -0.004730817 0.003455927 0.046646900 -0.011025559 -0.015246399 -0.004112964 0.999814510
1773839644.594463 -0.004515210 0.003462036 0.047101859 -0.008184481 -0.012901384 -0.001526527 0.999882102
1773839644.621497 -0.004597408 0.003514249 0.047877375 -0.010224904 -0.009745477 -0.001933883 0.999898374
1773839644.655854 -0.004789699 0.003571985 0.048667558 -0.012920971 -0.006051809 -0.005775885 0.999881506
1773839644.696591 -0.004591262 0.003740033 0.049408697 -0.014433847 -0.002529972 -0.000108484 0.999892592
1773839644.720443 -0.004566914 0.003630172 0.050080348 -0.017012198 -0.000469058 -0.002774060 0.999851286
1773839644.759213 -0.004722190 0.003854167 0.051092423 -0.017058810 0.001638438 -0.001360159 0.999852240
1773839644.788743 -0.004684784 0.003740731 0.051657498 -0.017588712 0.003693741 0.000692847 0.999838233
1773839644.822128 -0.004824726 0.003994278 0.052291572 -0.015061283 0.004555051 -0.002049292 0.999874115
1773839644.864342 -0.005019379 0.003990991 0.052958619 -0.018636856 0.006248863 -0.004282405 0.999797642
1773839644.893017 -0.004934507 0.003975799 0.053587362 -0.016118983 0.007059388 -0.004271913 0.999836028
1773839644.927999 -0.005006783 0.003966643 0.054290567 -0.018683221 0.009304598 0.002219066 0.999779642
1773839644.955975 -0.005025291 0.004228150 0.054919913 -0.016967323 0.008754891 -0.002012803 0.999815643
1773839644.988190 -0.005288029 0.004208338 0.055692784 -0.021559756 0.011113797 -0.000462551 0.999705672
1773839645.026508 -0.005443322 0.004167017 0.056049198 -0.016733959 0.009783429 -0.010242823 0.999759674
1773839645.055039 -0.005603340 0.004357932 0.056782637 -0.019437024 0.010931621 -0.001318928 0.999750435
1773839645.093766 -0.005569667 0.004378736 0.057366055 -0.022369707 0.011503873 0.001250711 0.999682844
1773839645.122491 -0.005753463 0.004312192 0.057769697 -0.019376019 0.009927536 -0.004253259 0.999753892
1773839645.155135 -0.005760753 0.004337771 0.057977375 -0.017933538 0.009789595 0.002256535 0.999788702
1773839645.196235 -0.006102473 0.004468202 0.058463246 -0.017105255 0.008222336 -0.002964893 0.999815464
1773839645.222468 -0.006373964 0.004517683 0.059100181 -0.017340854 0.006573522 -0.005804377 0.999811172
1773839645.260876 -0.006405716 0.004757787 0.065373681 -0.012281933 0.004258418 -0.001718868 0.999914050
1773839645.287924 -0.006743971 0.004943821 0.066134132 -0.015219615 0.001569494 -0.001394378 0.999881983
1773839645.321493 -0.006933514 0.005374548 0.068104900 -0.010741884 -0.001928574 -0.003811080 0.999933183
1773839645.360784 -0.006581759 0.004708309 0.065368868 -0.009600343 -0.004843138 0.000619955 0.999942005
1773839645.388305 -0.007047325 0.004878771 0.065957353 -0.011134339 -0.007514899 -0.002980641 0.999905348
1773839645.427370 -0.007114967 0.004753273 0.066373236 -0.007901854 -0.010862885 -0.005299025 0.999895751
1773839645.454737 -0.007051286 0.004764046 0.065535717 -0.010599023 -0.012844302 0.002106495 0.999859154
1773839645.487798 -0.007130372 0.004752230 0.066062041 -0.006992802 -0.016254509 -0.001378328 0.999842465
1773839645.526589 -0.007230252 0.004722485 0.066442393 -0.004405631 -0.019321539 -0.001241848 0.999802828
1773839645.556033 -0.007030444 0.004719659 0.065714948 -0.003792599 -0.022095351 0.002010744 0.999746621
1773839645.594526 -0.007201305 0.004716838 0.066317163 -0.002389584 -0.026562134 -0.005148951 0.999631047
1773839645.621515 -0.007357902 0.004753229 0.067067549 -0.003151557 -0.027808597 0.003296719 0.999602854
1773839645.656362 -0.007661499 0.004849367 0.067829564 -0.001928093 -0.029837565 -0.000039764 0.999552906
1773839645.693805 -0.007754510 0.004862796 0.068549111 -0.003351687 -0.029884262 0.002059388 0.999545634
1773839645.723032 -0.007905544 0.004891892 0.069137178 -0.003553102 -0.030111741 -0.000439765 0.999540150
1773839645.760290 -0.008036275 0.005146315 0.069716588 -0.001611926 -0.029850250 0.001363063 0.999552131
1773839645.788424 -0.008236336 0.005067375 0.070345327 -0.000812453 -0.029092465 -0.001918689 0.999574542
1773839645.821812 -0.007964013 0.005176773 0.070719823 -0.004114183 -0.026910093 0.003293453 0.999623954
1773839645.860538 -0.008323694 0.005208724 0.071830511 -0.001163818 -0.025860198 -0.001815113 0.999663234
1773839645.889465 -0.008248091 0.005119442 0.072345145 -0.004730671 -0.023629591 -0.000653686 0.999709368
1773839645.926363 -0.008250405 0.005337840 0.072649255 -0.002911303 -0.022147225 0.002078306 0.999748349
1773839645.955857 -0.008795817 0.005366141 0.074247628 -0.000599491 -0.020409094 -0.001742163 0.999790013
1773839645.990820 -0.008872064 0.005606739 0.075172290 -0.003045499 -0.017935723 0.000830881 0.999834120
1773839646.028189 -0.008491924 0.005547694 0.075524531 -0.002456202 -0.016742986 -0.000244515 0.999856770
1773839646.055972 -0.008776799 0.005756598 0.076529436 -0.003158968 -0.014853988 0.000541863 0.999884546
1773839646.094414 -0.008731367 0.005595099 0.076858833 -0.002284525 -0.014639375 -0.004457992 0.999880254
1773839646.122823 -0.008696866 0.005661548 0.076901600 -0.003016061 -0.012409202 0.002967522 0.999914050
1773839646.156787 -0.008967737 0.005669329 0.077486560 -0.003362715 -0.012346620 -0.003137755 0.999913216
1773839646.199767 -0.008810711 0.005723153 0.078263186 -0.004916939 -0.012065334 -0.000582842 0.999914944
1773839646.224654 -0.008805005 0.005921229 0.078655034 -0.001248962 -0.012840583 -0.003942220 0.999908984
1773839646.261040 -0.008972477 0.006014958 0.079452917 -0.002429263 -0.012009167 0.000775564 0.999924600
1773839646.290346 -0.008970655 0.005776897 0.079603396 -0.001497973 -0.012374474 -0.004882288 0.999910414
1773839646.323744 -0.009122535 0.005924279 0.080527768 -0.003605143 -0.010621480 -0.003088743 0.999932289
1773839646.361250 -0.009111248 0.005944650 0.080822475 -0.004191135 -0.009170946 -0.002983301 0.999944687
1773839646.389030 -0.009046147 0.005904531 0.080531038 -0.002257879 -0.007971936 -0.003909556 0.999958038
1773839646.428718 -0.009028358 0.005948678 0.081200384 -0.002871961 -0.006334365 -0.001968532 0.999973893
1773839646.456502 -0.009697212 0.006195304 0.082282960 -0.000240385 -0.004995166 -0.006790113 0.999964416
1773839646.489388 -0.009242401 0.006225268 0.082253061 -0.004079028 -0.002405852 -0.001105802 0.999988139
1773839646.528617 -0.009403034 0.006096748 0.082792081 -0.002198395 -0.001752496 -0.007020541 0.999971390
1773839646.557239 -0.009633187 0.006287016 0.083483130 -0.002066953 0.000476940 -0.003974473 0.999989867
1773839646.596080 -0.010487791 0.006606836 0.089374527 -0.001412905 0.001702414 -0.005188786 0.999984086
1773839646.624096 -0.010590080 0.006486381 0.089964293 -0.000723826 0.003244833 -0.004956625 0.999982178
1773839646.657220 -0.010792306 0.006694217 0.090573065 -0.003014531 0.005327804 -0.005738879 0.999964774
1773839646.694803 -0.009789554 0.006068488 0.084677629 -0.002683890 0.005916672 -0.005514720 0.999963701
1773839646.724379 -0.009829277 0.006363374 0.085094020 0.003575778 0.006355040 -0.004964041 0.999961078
1773839646.762002 -0.010012170 0.006421424 0.085785665 -0.001348626 0.005731479 -0.007592667 0.999953866
1773839646.790248 -0.009986408 0.006312906 0.086243980 -0.001720808 0.006320454 -0.003721797 0.999971628
1773839646.823592 -0.010320324 0.006541756 0.088418305 0.001731923 0.005366418 -0.002874640 0.999979973
1773839646.861617 -0.010341272 0.006260027 0.088469699 0.003487740 0.002330065 -0.008150278 0.999957979
1773839646.889964 -0.010436546 0.006326377 0.088004090 0.002583591 0.000705930 -0.009930560 0.999947131
1773839646.930871 -0.011321317 0.006967099 0.094504073 -0.000838617 0.001527930 -0.001541894 0.999997318
1773839646.958458 -0.010797696 0.006524851 0.090398245 -0.000789365 -0.002107141 -0.006361005 0.999977231
1773839646.990517 -0.010890854 0.006643367 0.090909533 -0.002054842 -0.003657358 -0.003501375 0.999985039
1773839647.029799 -0.011059784 0.006522492 0.091334596 -0.000003117 -0.005396808 -0.003833983 0.999978065
1773839647.056347 -0.010657097 0.006434075 0.090753213 0.002296758 -0.007545099 -0.006003655 0.999950886
1773839647.095654 -0.010693438 0.006419924 0.091306262 0.000299494 -0.006692999 -0.002939214 0.999973238
1773839647.124469 -0.010790807 0.006498625 0.091772772 0.001528677 -0.006243950 -0.006091444 0.999960780
1773839647.158055 -0.010837654 0.006720803 0.093092404 0.000401693 -0.004430713 -0.001545557 0.999988914
1773839647.196484 -0.010842102 0.006655885 0.092839040 -0.001141128 -0.002931378 -0.005150816 0.999981761
1773839647.224732 -0.010721500 0.006658871 0.093300924 0.002783704 -0.002721568 -0.010799281 0.999934137
1773839647.262479 -0.010736986 0.006706248 0.093833804 -0.001097186 0.000569789 -0.000198523 0.999999225
1773839647.289823 -0.011662797 0.007323213 0.100052029 0.001010459 0.001949924 -0.006584886 0.999975920
1773839647.324144 -0.010895551 0.007018883 0.095745645 -0.001253187 0.004177408 -0.004097976 0.999982059
1773839647.367260 -0.010898022 0.007021468 0.096167274 0.000646037 0.005091735 -0.003811715 0.999979556
1773839647.391060 -0.010937652 0.006963648 0.096661538 0.000601989 0.005126193 -0.004701757 0.999975622
1773839647.430742 -0.011035277 0.007035055 0.097212069 0.000289944 0.005143158 -0.005380903 0.999972224
1773839647.458498 -0.010968941 0.007036175 0.097580753 -0.000187597 0.005644581 -0.005617019 0.999968231
1773839647.491615 -0.010966680 0.007414029 0.098505706 0.000905105 0.005342688 -0.002977334 0.999980867
1773839647.529276 -0.010813009 0.007592678 0.098917387 -0.000533338 0.005565892 -0.001928645 0.999982536
1773839647.556727 -0.011005472 0.007583637 0.099373735 0.000005780 0.006614518 -0.006923469 0.999954164
1773839647.595900 -0.010964216 0.007504657 0.099715576 0.001807707 0.005974768 -0.008147732 0.999947309
1773839647.625307 -0.010748575 0.007315712 0.099493176 -0.001306248 0.008541398 0.001498837 0.999961555
1773839647.659151 -0.010897401 0.007328091 0.100057073 -0.002859868 0.008785450 -0.008449465 0.999921620
1773839647.696848 -0.010838242 0.007402776 0.100392833 0.000382967 0.008741683 -0.008366872 0.999926686
1773839647.724181 -0.010671022 0.007446786 0.100649893 -0.004054049 0.010828015 -0.000269474 0.999933124
1773839647.761947 -0.010961563 0.007530947 0.101131164 0.000144456 0.010230838 -0.006739870 0.999924958
1773839647.792110 -0.010975081 0.007541524 0.101731651 -0.001169487 0.011349115 -0.003987006 0.999926925
1773839647.824786 -0.011081675 0.007413239 0.102516420 -0.001514884 0.013096363 -0.005370564 0.999898672
1773839647.862875 -0.010900239 0.007376417 0.102711514 -0.000478612 0.016015593 -0.003224415 0.999866426
1773839647.892711 -0.010962341 0.007431709 0.102972999 -0.000026233 0.018979488 -0.008865424 0.999780536
1773839647.925233 -0.010960379 0.007415628 0.103773646 -0.003279027 0.021888111 -0.007595725 0.999726176
1773839647.957460 -0.010786368 0.007615919 0.104137965 -0.001351565 0.025067557 -0.000219103 0.999684811
1773839647.993234 -0.011774199 0.008174108 0.109772056 -0.005050674 0.027385261 -0.006657030 0.999590039
1773839648.025789 -0.010917485 0.007452636 0.104390457 -0.001217189 0.027167996 -0.011104372 0.999568462
1773839648.058212 -0.010751624 0.007512672 0.104609951 -0.002160840 0.029603666 -0.000523624 0.999559224
1773839648.097547 -0.010970533 0.007585988 0.105200358 -0.003404783 0.030235954 -0.007169935 0.999511242
1773839648.125363 -0.011076134 0.007613592 0.105593130 -0.000813618 0.030375846 -0.009896534 0.999489248
1773839648.158293 -0.011132147 0.007879579 0.107052617 -0.001788385 0.032800127 -0.001286696 0.999459505
1773839648.200984 -0.011293920 0.007937351 0.107414313 -0.000604215 0.032875113 -0.008784184 0.999420643
1773839648.226646 -0.010929627 0.007942818 0.107492402 -0.000943930 0.033696365 -0.006349474 0.999411464
1773839648.264673 -0.010918882 0.008044711 0.108116694 -0.003171508 0.035385162 -0.004691621 0.999357700
1773839648.293310 -0.010965757 0.008116769 0.108681001 -0.002763520 0.038070194 -0.005672979 0.999255180
1773839648.325399 -0.010903068 0.008089362 0.108813860 -0.004488899 0.041995607 -0.005766556 0.999091089
1773839648.363740 -0.010743256 0.008018459 0.109207526 -0.001997016 0.042485237 -0.011589359 0.999027908
1773839648.393089 -0.010684232 0.007912628 0.109003097 -0.003427441 0.045213349 -0.004056382 0.998963237
1773839648.429884 -0.010719729 0.007901265 0.109421238 -0.004927763 0.047769565 -0.006233235 0.998826802
1773839648.457896 -0.010847379 0.008004188 0.109811999 -0.003259869 0.050447661 -0.007504205 0.998693228
1773839648.493272 -0.010531673 0.008028264 0.109713905 -0.002666857 0.053191733 -0.006789439 0.998557627
1773839648.532638 -0.010483392 0.008048235 0.110102735 0.001173246 0.052902807 -0.013313725 0.998510242
1773839648.559428 -0.010387187 0.008216522 0.110640451 -0.002141667 0.056552656 -0.006432035 0.998376608
1773839648.593287 -0.010077982 0.008057636 0.110792078 -0.003084075 0.058714710 -0.007580819 0.998241246
1773839648.625221 -0.010063833 0.008395835 0.112631358 -0.004682640 0.062749088 -0.004415215 0.998008549
1773839648.659833 -0.009727903 0.008641290 0.112755515 -0.003816584 0.065595053 -0.003975893 0.997831047
1773839648.692514 -0.009968540 0.008645616 0.113311931 -0.002223864 0.068792805 -0.007201755 0.997602463
1773839648.726887 -0.009750418 0.008444655 0.113672748 -0.002473809 0.072729871 -0.007145912 0.997322977
1773839648.764123 -0.009488806 0.008562546 0.114021957 -0.002640856 0.077359930 -0.005654912 0.996983647
1773839648.793140 -0.009424187 0.008460262 0.114153229 -0.003583331 0.082121812 -0.009024921 0.996574938
1773839648.827184 -0.009321209 0.008714665 0.114813589 -0.002838040 0.086845994 -0.005974484 0.996199727
1773839648.859796 -0.009398054 0.008942538 0.118196882 -0.005912807 0.092342429 -0.003543594 0.995703459
1773839648.893371 -0.009152839 0.009071962 0.118215762 -0.003673894 0.096945174 -0.006061813 0.995264471
1773839648.926710 -0.008907825 0.008820861 0.118288741 -0.001852351 0.102453254 -0.005518358 0.994720817
1773839648.964163 -0.009436361 0.009370746 0.121015154 -0.002617987 0.109434322 -0.007922910 0.993958950
1773839648.994218 -0.009020362 0.009029436 0.120460019 -0.002050650 0.116277158 -0.011008726 0.993153691
1773839649.028341 -0.009039739 0.009458172 0.121167809 -0.000250203 0.124236435 -0.007829184 0.992221653
1773839649.060208 -0.009198518 0.009617776 0.121581569 -0.002127396 0.131433412 -0.009973876 0.991272509
1773839649.094326 -0.009144835 0.009458148 0.123578168 -0.002311512 0.138970628 -0.009353190 0.990249634
1773839649.127245 -0.009119973 0.009877990 0.124203891 -0.001876276 0.146532372 -0.009567016 0.989157856
1773839649.159396 -0.009016342 0.009793984 0.124382600 -0.002181137 0.153652713 -0.011732121 0.988052845
1773839649.194815 -0.008960020 0.009844671 0.126358330 -0.002846734 0.162508339 -0.008258192 0.986668468
1773839649.227171 -0.008535352 0.009652796 0.125987649 -0.003075714 0.170112595 -0.012474461 0.985340834
1773839649.260133 -0.008495208 0.009645214 0.126458347 -0.001792939 0.177995130 -0.013579516 0.983936012
1773839649.295754 -0.008764386 0.009997869 0.129352912 -0.002996720 0.186481893 -0.011566903 0.982385755
1773839649.327652 -0.008559715 0.010059346 0.129380122 -0.003410739 0.193876386 -0.013091310 0.980932713
1773839649.361493 -0.008700892 0.010155265 0.130306005 -0.003328229 0.201394796 -0.012898295 0.979419589
1773839649.393869 -0.008491568 0.010055094 0.129986688 -0.002806261 0.208388954 -0.012932276 0.977956533
1773839649.425930 -0.008673705 0.010068535 0.130209476 -0.002390886 0.215722337 -0.016706064 0.976308942
1773839649.460380 -0.008473907 0.010198441 0.130475819 -0.002367094 0.224568471 -0.014766444 0.974343538
1773839649.492860 -0.007970374 0.010010746 0.130555376 -0.003457448 0.232154965 -0.015228303 0.972553432
1773839649.529513 -0.008041132 0.009878916 0.130686566 -0.003247435 0.240076438 -0.015800638 0.970619977
1773839649.561772 -0.007546805 0.010153241 0.130752698 -0.002315104 0.247394264 -0.016406940 0.968773246
1773839649.593803 -0.007839113 0.009704564 0.131144613 -0.003054052 0.255683780 -0.018161030 0.966585040
1773839649.627988 -0.006847899 0.010177505 0.131188005 -0.003842665 0.263630420 -0.017655531 0.964454532
1773839649.660483 -0.007211737 0.010066698 0.130582049 -0.004440891 0.273110032 -0.016141122 0.961837113
1773839649.695066 -0.007162970 0.009393226 0.130166233 -0.003702597 0.281179756 -0.018086905 0.959477544
1773839649.728153 -0.007460348 0.009557995 0.130309224 -0.003401190 0.289861172 -0.021291152 0.956825793
1773839649.760538 -0.007184051 0.009670502 0.130510837 -0.002471472 0.298535615 -0.021893254 0.954144180
1773839649.796587 -0.006496836 0.009453864 0.130948663 -0.003457263 0.307286322 -0.019459033 0.951411843
1773839649.828139 -0.006391305 0.009421041 0.131159768 -0.003351210 0.315608054 -0.021770775 0.948633909
1773839649.861266 -0.006617423 0.009439833 0.130946279 -0.003139935 0.324501961 -0.020530142 0.945656955
1773839649.895257 -0.006137464 0.009497119 0.131102189 -0.002450773 0.332323939 -0.022543067 0.942892671
1773839649.926921 -0.005871441 0.009556212 0.131208956 -0.002842417 0.340124071 -0.023820829 0.940074503
1773839649.961837 -0.005684488 0.009447280 0.131723359 -0.003785498 0.348947763 -0.022075254 0.936874509
1773839649.994237 -0.005356133 0.009460794 0.131485596 -0.003792339 0.357806385 -0.023766730 0.933485568
1773839650.028630 -0.004779972 0.009028979 0.130778462 -0.004821342 0.367015839 -0.025163330 0.929861784
1773839650.060480 -0.004196525 0.008902310 0.130784661 -0.004188613 0.376701504 -0.024868885 0.925991356
1773839650.095173 -0.003929824 0.009071558 0.130958408 -0.004721477 0.386383176 -0.022789579 0.922044694
1773839650.128378 -0.004378572 0.009032300 0.122825302 -0.004522054 0.394911915 -0.029190166 0.918244004
1773839650.160794 -0.003212865 0.008870157 0.123935923 -0.002890237 0.404351950 -0.025823681 0.914234281
1773839650.194501 -0.004146356 0.009129852 0.123439275 -0.003347218 0.413158447 -0.029601034 0.910171747
1773839650.228142 -0.004654258 0.009349416 0.128935441 -0.004014059 0.421040505 -0.032222278 0.906460464
1773839650.261008 -0.004648905 0.009598286 0.128937989 -0.004569111 0.430629343 -0.026172755 0.902137697
1773839650.294949 -0.005386230 0.009167947 0.129027933 -0.005850156 0.437849075 -0.029397089 0.898548722
1773839650.328852 -0.004820082 0.009251320 0.127164945 -0.005283258 0.443783790 -0.030832231 0.895587742
1773839650.363363 -0.005103298 0.009353608 0.127269432 -0.004353064 0.450968325 -0.030857090 0.891995788
1773839650.395040 -0.004426360 0.009063076 0.123832367 -0.004827706 0.456506878 -0.033597704 0.889072180
1773839650.428672 -0.004328605 0.009012816 0.123844661 -0.005216059 0.462791979 -0.031502441 0.885891616
1773839650.460944 -0.004397225 0.008939123 0.124228396 -0.006650917 0.470548034 -0.030128453 0.881834745
1773839650.495168 -0.003763661 0.008472598 0.123997405 -0.006804867 0.478300810 -0.029653307 0.877668917
1773839650.529873 -0.003880911 0.008498915 0.124273546 -0.005568072 0.484752327 -0.032523688 0.874028802
1773839650.562810 -0.004102267 0.008723659 0.123886183 -0.004316074 0.491624147 -0.035258271 0.870082676
1773839650.594617 -0.004106324 0.008472606 0.124107942 -0.005364249 0.498482257 -0.034455698 0.866198301
1773839650.627122 -0.003717247 0.008402887 0.124608159 -0.006797756 0.505937338 -0.032198753 0.861942291
1773839650.662281 -0.003555186 0.008552507 0.124049358 -0.007155099 0.513703644 -0.031769790 0.857349396
1773839650.696036 -0.003141589 0.008058206 0.110563159 -0.006356830 0.521126032 -0.033851933 0.852784455
1773839650.729151 -0.002914418 0.008318288 0.111241162 -0.006018594 0.527942240 -0.038460147 0.848387599
1773839650.762929 -0.003248177 0.008175741 0.110447623 -0.005478956 0.535227299 -0.037676532 0.843849659
1773839650.795584 -0.003328063 0.007753510 0.110622354 -0.007081942 0.542345285 -0.035669725 0.839368284
1773839650.829351 -0.003355388 0.007927706 0.110927343 -0.007064761 0.550663829 -0.035577282 0.833938658
1773839650.862864 -0.003213059 0.007916433 0.110488124 -0.007409955 0.558396101 -0.038493186 0.828647792
1773839650.895100 -0.003205135 0.007740086 0.110830717 -0.006244110 0.567409575 -0.036660455 0.822595537
1773839650.929734 -0.003691260 0.007646969 0.109230682 -0.006593030 0.573903382 -0.039509408 0.817942858
1773839650.963705 -0.003079833 0.007673664 0.110523716 -0.007365864 0.581003129 -0.039286334 0.812919199
1773839650.995114 -0.002931569 0.007625703 0.110701598 -0.007202771 0.588450789 -0.036033567 0.807697535
1773839651.031355 -0.003387712 0.007817913 0.110332914 -0.007827405 0.595306396 -0.041928276 0.802365899
1773839651.063049 -0.003279541 0.007581744 0.110301711 -0.006564122 0.602977812 -0.040029734 0.796725988
1773839651.096435 -0.002640573 0.007923357 0.111104608 -0.007550454 0.609547734 -0.042102788 0.791594505
1773839651.127992 -0.003285468 0.008136017 0.110249326 -0.006502074 0.615910232 -0.041056897 0.786718905
1773839651.163696 -0.002803739 0.008085036 0.110782772 -0.006894640 0.620936215 -0.043838955 0.782603860
1773839651.196357 -0.002567809 0.008216234 0.110687152 -0.005705277 0.625619292 -0.041262880 0.779015601
1773839651.227836 -0.003042588 0.008168260 0.110420503 -0.006364582 0.630127192 -0.044316083 0.775200069
1773839651.262343 -0.002436321 0.007915593 0.110616565 -0.006480556 0.634604812 -0.043405835 0.771589696
1773839651.296824 -0.002908478 0.008146313 0.110718869 -0.006128342 0.640135825 -0.045261607 0.766902804
1773839651.328866 -0.002727387 0.007944374 0.110101052 -0.006206745 0.644129276 -0.045154583 0.763557434
1773839651.362870 -0.002054647 0.007863385 0.110675372 -0.006265887 0.648656666 -0.043566708 0.759807348
1773839651.394769 -0.003167245 0.008438296 0.110293478 -0.005519690 0.652011752 -0.047353227 0.756708562
1773839651.432638 -0.003351534 0.008656766 0.110152073 -0.004642269 0.655139387 -0.048343670 0.753945351
1773839651.463017 -0.002658269 0.007850046 0.110354759 -0.005420365 0.657865226 -0.044744566 0.751785755
1773839651.497761 -0.002785294 0.007920473 0.110553257 -0.005394236 0.661007583 -0.045990109 0.748949111
1773839651.529780 -0.002292598 0.007775313 0.110394947 -0.006723801 0.662743270 -0.046469372 0.747373223
1773839651.561931 -0.002525380 0.007973284 0.110551029 -0.006249668 0.665041089 -0.046086803 0.745357156
1773839651.596031 -0.002798373 0.008199903 0.110159144 -0.006051048 0.665609479 -0.047926538 0.744735062
1773839651.628772 -0.002537129 0.007699389 0.110433608 -0.006241228 0.666477442 -0.045724731 0.744095445
1773839651.662686 -0.002757065 0.008106076 0.110611640 -0.006150736 0.668003142 -0.047518522 0.742614269
1773839651.699054 -0.003074642 0.008218659 0.110218555 -0.006037655 0.668799520 -0.048733629 0.741819263
1773839651.730396 -0.002848944 0.007928407 0.110478625 -0.006024260 0.670510292 -0.046227980 0.740434110
1773839651.764000 -0.003007714 0.007966726 0.110635705 -0.006271617 0.672932982 -0.046684351 0.738202214
1773839651.795708 -0.002842546 0.007968212 0.110489152 -0.005767968 0.674265325 -0.046567649 0.736996889
1773839651.830322 -0.002731409 0.008022512 0.110507041 -0.005378043 0.675218165 -0.048351418 0.736011982
1773839651.864157 -0.002884964 0.007987832 0.110455416 -0.005627804 0.675330162 -0.047961418 0.735932887
1773839651.896706 -0.002557148 0.008075837 0.110961072 -0.005601170 0.676191807 -0.048045680 0.735135913
1773839651.930359 -0.002730333 0.007922539 0.110212781 -0.006178725 0.675581396 -0.047667973 0.735716879
