1773246059.376661 -0.004560762 0.002196538 0.018698860 -0.000095427 0.012765816 -0.001549229 0.999917269
1773246059.404153 -0.012985751 0.003597807 0.033358611 -0.000160024 0.017142242 -0.002072737 0.999850929
1773246059.438577 -0.005078709 0.002522315 0.019921293 0.000254618 0.015313529 -0.001691000 0.999881268
1773246059.477458 -0.010705153 0.002889966 0.031664565 0.000078833 0.018733345 -0.002159848 0.999822199
1773246059.504118 -0.008300260 0.002872603 0.029026952 -0.000695857 0.019194227 -0.002013246 0.999813497
1773246059.545002 -0.007193337 0.002802932 0.028267251 -0.000084028 0.020126667 -0.002239441 0.999794900
1773246059.571785 -0.007394627 0.002938946 0.028467620 -0.000336566 0.021393739 -0.002469884 0.999768019
1773246059.605823 -0.004954537 0.002452789 0.021748256 -0.000897813 0.022236440 -0.002597922 0.999748945
1773246059.646326 -0.004878039 0.002615090 0.021916790 -0.000681623 0.023290807 -0.002957939 0.999724090
1773246059.671658 -0.006376217 0.003347980 0.028607778 -0.000580948 0.024126079 -0.002994640 0.999704301
1773246059.711030 -0.006470349 0.003221096 0.029509326 -0.000994792 0.025358967 -0.003185992 0.999672830
1773246059.738382 -0.006635568 0.003456679 0.030656323 -0.001218671 0.026419297 -0.003287625 0.999644816
1773246059.778856 -0.006740431 0.003465002 0.031541996 -0.001269559 0.027334740 -0.003663998 0.999618828
1773246059.804754 -0.006512639 0.003426217 0.031138718 -0.001087388 0.027843110 -0.003168944 0.999606669
1773246059.838617 -0.006893325 0.003609927 0.032904822 -0.001066762 0.028528562 -0.003494179 0.999586284
1773246059.878847 -0.006992354 0.003884596 0.034680266 -0.000981197 0.028574646 -0.003382790 0.999585450
1773246059.904841 -0.007390382 0.003890523 0.035093803 -0.001049600 0.028795008 -0.003628780 0.999578178
1773246059.944142 -0.006920407 0.004087566 0.035827663 -0.000962242 0.028514097 -0.003643229 0.999586284
1773246059.972377 -0.007159226 0.004010854 0.036146026 -0.001244835 0.028480869 -0.003408058 0.999587774
1773246060.010905 -0.006970051 0.004111209 0.036355257 -0.001231316 0.028154129 -0.003472291 0.999596834
1773246060.039413 -0.007099215 0.004297613 0.037146464 -0.001206668 0.027859192 -0.003580915 0.999604702
1773246060.071622 -0.006833109 0.004106187 0.036745377 -0.001317393 0.027592743 -0.003725817 0.999611437
1773246060.113127 -0.006844722 0.004399720 0.037503995 -0.001182148 0.027056480 -0.003471923 0.999627173
1773246060.139641 -0.007065003 0.004519938 0.038276304 -0.001174890 0.026805019 -0.003422335 0.999634147
1773246060.178652 -0.007331922 0.004464414 0.039167590 -0.001427874 0.026715472 -0.003216044 0.999636889
1773246060.206577 -0.007565270 0.004391691 0.039631493 -0.001375025 0.026677037 -0.003537859 0.999636948
1773246060.238430 -0.007222844 0.005077999 0.040328011 -0.001092519 0.026276410 -0.003169365 0.999649107
1773246060.280117 -0.007487445 0.004887733 0.040982530 -0.001422726 0.026246181 -0.003327811 0.999648929
1773246060.305460 -0.007610923 0.005191901 0.041772131 -0.001065455 0.025890410 -0.003442956 0.999658287
1773246060.346212 -0.007811754 0.005233953 0.042371057 -0.001155664 0.025552563 -0.003271935 0.999667466
1773246060.372619 -0.007768910 0.005409528 0.043560680 -0.001036972 0.024920981 -0.002843705 0.999684870
1773246060.412814 -0.007983358 0.005544602 0.043937448 -0.000818892 0.024550717 -0.002873859 0.999694109
1773246060.439149 -0.008110151 0.005705095 0.044644013 -0.000974606 0.023879075 -0.003130161 0.999709487
1773246060.473210 -0.008170981 0.005706526 0.045220803 -0.001007766 0.023032259 -0.002814777 0.999730229
1773246060.511677 -0.008177653 0.005828054 0.045871042 -0.000552771 0.021973183 -0.002634025 0.999754906
1773246060.539871 -0.008370490 0.005795118 0.046528544 -0.000989074 0.021119561 -0.002622179 0.999773026
1773246060.579340 -0.008434908 0.005935416 0.047114015 -0.000995688 0.020089038 -0.002359065 0.999794900
1773246060.606003 -0.008649003 0.005993456 0.047957238 -0.000903972 0.018891495 -0.002102655 0.999818921
1773246060.640522 -0.007077706 0.004949684 0.039961353 -0.000939176 0.017672511 -0.002141450 0.999841094
1773246060.679394 -0.007106612 0.004892317 0.040537279 -0.001040684 0.016434627 -0.001952483 0.999862492
1773246060.706741 -0.007420552 0.005017150 0.041297637 -0.000676755 0.015258080 -0.001639726 0.999882042
1773246060.746114 -0.008304346 0.005623914 0.046012938 -0.000622241 0.014381210 -0.001428196 0.999895334
1773246060.773817 -0.008460536 0.005760221 0.046538077 -0.000461213 0.013321990 -0.001481215 0.999910057
1773246060.812017 -0.008375877 0.005913332 0.046981718 -0.000463236 0.012056212 -0.001101664 0.999926567
1773246060.839526 -0.008693722 0.006005429 0.048005391 -0.000129812 0.011007083 -0.000971791 0.999938965
1773246060.872658 -0.008601592 0.005929539 0.047764406 -0.000032918 0.009887813 -0.000677255 0.999950886
1773246060.912160 -0.008743086 0.006047644 0.048673622 -0.000050377 0.008881130 -0.000523561 0.999960423
1773246060.940437 -0.008892708 0.006263707 0.049252070 0.000088879 0.007803124 -0.000323794 0.999969482
1773246060.979832 -0.008857539 0.006215601 0.049299959 0.000446339 0.006668092 -0.000413582 0.999977529
1773246061.005815 -0.009019676 0.006311906 0.049972057 0.000499268 0.005616174 -0.000208382 0.999984086
1773246061.039340 -0.009078134 0.006206353 0.050090265 0.000026626 0.004855376 -0.000098631 0.999988198
1773246061.079846 -0.009214276 0.006395585 0.050742798 0.000090936 0.003659371 -0.000113188 0.999993265
1773246061.107387 -0.009337248 0.006493461 0.051345479 0.000243618 0.002682089 0.000055669 0.999996364
1773246061.146752 -0.009464454 0.006535553 0.052156281 0.000606587 0.001615140 0.000084396 0.999998510
1773246061.172891 -0.009642613 0.006626284 0.052775592 0.000570050 0.000580965 0.000389343 0.999999583
1773246061.214156 -0.009782252 0.006704587 0.053293131 0.000721545 -0.000416019 0.000468249 0.999999523
1773246061.240798 -0.009869946 0.006805470 0.054028559 0.000921293 -0.001191576 0.000805212 0.999998510
1773246061.272842 -0.010162812 0.006543159 0.054012403 0.000689523 -0.001598960 0.000584046 0.999998331
1773246061.312945 -0.010253440 0.006718510 0.054609209 0.000909126 -0.002429307 0.000802889 0.999996305
1773246061.339749 -0.010679699 0.006771236 0.055235896 0.000720543 -0.002941334 0.000845308 0.999995053
1773246061.380978 -0.010708852 0.007089002 0.055920456 0.001254946 -0.003782884 0.000899817 0.999991655
1773246061.407121 -0.010848233 0.006855139 0.055954777 0.001218978 -0.004560170 0.000516163 0.999988675
1773246061.440075 -0.011069230 0.006907253 0.056520145 0.001188852 -0.005199247 0.000749497 0.999985456
1773246061.480954 -0.011300998 0.006797804 0.056955926 0.001190603 -0.005587590 0.000567334 0.999983490
1773246061.506859 -0.011166281 0.007261161 0.057884444 0.001872943 -0.006491848 0.001060138 0.999976575
1773246061.545897 -0.011770848 0.006908013 0.058234848 0.001451929 -0.006332689 0.000816384 0.999978542
1773246061.573949 -0.011927694 0.006726423 0.058481459 0.001076878 -0.006661986 0.000793246 0.999976933
1773246061.614493 -0.012014798 0.007046527 0.059271939 0.001411177 -0.007279709 0.000893698 0.999972105
1773246061.641178 -0.012062304 0.007383267 0.059632305 0.001518744 -0.007592379 0.000752472 0.999969721
1773246061.674062 -0.012248321 0.007454081 0.060119320 0.001260392 -0.007628296 0.000757304 0.999969780
1773246061.713713 -0.012357497 0.007586382 0.060708873 0.001706630 -0.007684059 0.001013430 0.999968469
1773246061.741278 -0.012565263 0.007537175 0.061349656 0.001835989 -0.007498689 0.000810627 0.999969840
1773246061.781673 -0.012549824 0.007612967 0.061204787 0.001800619 -0.007174545 0.001133998 0.999971986
1773246061.806788 -0.012672551 0.007498643 0.061603285 0.001192014 -0.006528037 0.000639327 0.999977767
1773246061.839511 -0.013367599 0.007799495 0.063989952 0.001523017 -0.005933291 0.000985957 0.999980748
1773246061.881366 -0.012894830 0.007675868 0.062908374 0.001504819 -0.005092124 0.000612289 0.999985695
1773246061.908530 -0.013074425 0.007690690 0.063304298 0.001193963 -0.004242611 0.000502509 0.999990165
1773246061.947628 -0.013106229 0.007819397 0.064284325 0.001274788 -0.003582434 0.000548128 0.999992609
1773246061.973568 -0.013093002 0.007717894 0.063576795 0.001454458 -0.002747661 0.000644459 0.999994934
1773246062.013994 -0.012948867 0.007776703 0.064006694 0.001433351 -0.002018584 0.000584375 0.999996781
1773246062.041190 -0.013075392 0.007815751 0.064351991 0.001485463 -0.001230664 0.000217702 0.999998093
1773246062.073602 -0.013570910 0.007933686 0.065594941 0.001576436 -0.000242478 0.000300220 0.999998689
1773246062.114019 -0.013863502 0.007659240 0.065904774 0.001607493 0.000868305 -0.000355794 0.999998271
1773246062.142105 -0.013928343 0.007691427 0.066282623 0.001228965 0.001940261 -0.000364397 0.999997258
1773246062.181089 -0.014110942 0.008063855 0.067046709 0.001538668 0.002901768 -0.000275934 0.999994576
1773246062.209814 -0.014118279 0.008172029 0.067834273 0.001595006 0.003719595 -0.000219040 0.999991775
1773246062.242676 -0.014374227 0.008189381 0.068108760 0.000931062 0.004706420 -0.000553706 0.999988317
1773246062.279592 -0.014731046 0.007993587 0.068863943 0.000851209 0.005660037 -0.001067471 0.999983013
1773246062.308344 -0.014668921 0.008294511 0.069115177 0.000894319 0.006153956 -0.001072606 0.999980032
1773246062.348642 -0.014856772 0.008323885 0.069735706 0.000748559 0.007082533 -0.001159862 0.999973953
1773246062.375643 -0.014817768 0.008590193 0.070773624 0.000960070 0.007759722 -0.001422850 0.999968410
1773246062.414972 -0.014851899 0.008767751 0.071363047 0.000962517 0.008316823 -0.001279107 0.999964118
1773246062.442954 -0.015182467 0.008605951 0.071898058 0.000670512 0.008963018 -0.001665403 0.999958217
1773246062.475673 -0.015514267 0.008993044 0.073082224 0.000838608 0.009345935 -0.001626394 0.999954641
1773246062.516304 -0.015650336 0.009090435 0.073642433 0.000861252 0.009839163 -0.001595553 0.999949932
1773246062.542623 -0.015688166 0.009051532 0.074994467 0.000641225 0.010024735 -0.001706547 0.999948084
1773246062.583666 -0.015793405 0.009201990 0.075657375 0.000874873 0.010238257 -0.001838172 0.999945462
1773246062.609211 -0.015623542 0.009706569 0.076256916 0.001288518 0.010048067 -0.001489029 0.999947548
1773246062.642684 -0.015992003 0.009701218 0.076815754 0.001140285 0.010175404 -0.001713470 0.999946117
1773246062.681357 -0.016318623 0.009684415 0.077528380 0.001344659 0.010046825 -0.001920185 0.999946773
1773246062.710150 -0.016351912 0.009633902 0.077883147 0.000815081 0.009853940 -0.001865269 0.999949336
1773246062.748684 -0.016688619 0.009217990 0.078544699 0.000251684 0.009963384 -0.002163044 0.999947965
1773246062.776082 -0.016801668 0.009647563 0.079101354 0.000963163 0.009630449 -0.001660027 0.999951780
1773246062.814327 -0.016794944 0.009778676 0.078785375 0.000716150 0.009579305 -0.002053567 0.999951780
1773246062.842839 -0.016791809 0.009850630 0.079322398 0.000328815 0.009353935 -0.001812941 0.999954581
1773246062.876089 -0.016841635 0.010068007 0.080610417 0.000663721 0.008756403 -0.001828737 0.999959767
1773246062.916329 -0.017269250 0.009574644 0.080750704 0.000367748 0.008985266 -0.002149724 0.999957204
1773246062.942987 -0.017546354 0.009075214 0.081421062 -0.000235498 0.009038667 -0.002715180 0.999955416
1773246062.982419 -0.017595965 0.009535892 0.081993252 0.000479547 0.008467617 -0.002035154 0.999961913
1773246063.009072 -0.017916670 0.009954184 0.083159856 0.000992716 0.008185359 -0.002225780 0.999963522
1773246063.042266 -0.017958574 0.010151840 0.083773479 0.001166124 0.007676623 -0.001820167 0.999968171
1773246063.081605 -0.018462384 0.009713031 0.084333904 0.000520080 0.007559299 -0.002308586 0.999968588
1773246063.109148 -0.018226771 0.010206583 0.084858760 0.000664523 0.006763995 -0.001735491 0.999975383
1773246063.148649 -0.018457523 0.010119458 0.084472679 0.000670718 0.006308873 -0.001547277 0.999978662
1773246063.176321 -0.018532610 0.009948679 0.084815562 0.000503664 0.005541706 -0.001842520 0.999982774
1773246063.215208 -0.018623950 0.010020849 0.085612729 0.000503213 0.004957450 -0.001398077 0.999986589
1773246063.242627 -0.018634215 0.010000464 0.085180886 0.000343769 0.004125807 -0.001273771 0.999990582
1773246063.276063 -0.018899884 0.010106744 0.085769922 0.000816656 0.003649618 -0.001296432 0.999992132
1773246063.316375 -0.018760154 0.010257797 0.086258352 0.001008106 0.003047894 -0.001373408 0.999993861
1773246063.343402 -0.018980730 0.009980228 0.086657725 0.000129044 0.002779060 -0.001200779 0.999995410
1773246063.382044 -0.019573247 0.010748453 0.088115551 0.000620395 0.002738301 -0.000950166 0.999995589
1773246063.409709 -0.019584402 0.010985134 0.088585638 0.000880023 0.002195104 -0.000781769 0.999996901
1773246063.444048 -0.019919166 0.010909150 0.089519091 0.000584774 0.002138435 -0.000882236 0.999997139
1773246063.482273 -0.020169852 0.010989535 0.090175994 0.000522759 0.002128180 -0.000710278 0.999997318
1773246063.508850 -0.020012632 0.010748917 0.089582585 0.000505526 0.002013973 -0.001122447 0.999997199
1773246063.549719 -0.020187072 0.010850610 0.089842223 0.000421442 0.002064837 -0.001787364 0.999996126
1773246063.576450 -0.019902345 0.010791099 0.090230390 0.000400205 0.001568019 -0.001469465 0.999997556
1773246063.615899 -0.020158552 0.010805608 0.090979747 0.000294563 0.001638550 -0.001831398 0.999996901
1773246063.643703 -0.020031348 0.011016976 0.091493458 0.000236239 0.001253567 -0.001500999 0.999998033
1773246063.676957 -0.019840801 0.011463194 0.092015974 0.000608973 0.000868385 -0.001578429 0.999998212
1773246063.716245 -0.019693378 0.011508616 0.092308544 0.000221494 0.000792843 -0.001520842 0.999998510
1773246063.744144 -0.020862101 0.011380138 0.094389535 -0.000519309 0.001724397 -0.001730795 0.999996841
1773246063.782357 -0.020616576 0.011444647 0.094631717 -0.000511094 0.001670352 -0.001699635 0.999997020
1773246063.808961 -0.021075241 0.011539924 0.095500238 -0.000432176 0.002300912 -0.001718882 0.999995768
1773246063.844002 -0.020590888 0.011734303 0.095010653 -0.000106375 0.002016840 -0.001358443 0.999997020
1773246063.882379 -0.020546498 0.011765949 0.095279828 -0.000256186 0.002138287 -0.001595352 0.999996424
1773246063.910351 -0.020724498 0.011574794 0.095834248 -0.000306450 0.002635579 -0.002147842 0.999994159
1773246063.949926 -0.020954102 0.011884708 0.096812867 0.000130539 0.002864287 -0.001922505 0.999994040
1773246063.976814 -0.020875096 0.012191262 0.097252615 0.000206486 0.002958121 -0.001912807 0.999993801
1773246064.015826 -0.021307409 0.011631066 0.097326048 0.000215206 0.003285625 -0.001762051 0.999993026
1773246064.043891 -0.021205660 0.012250723 0.098124653 0.000618432 0.003167256 -0.001599926 0.999993503
1773246064.077531 -0.021349704 0.011941716 0.098297916 0.000135096 0.003425765 -0.001775017 0.999992490
1773246064.116240 -0.021828020 0.012258114 0.101010546 0.000564165 0.004021878 -0.002151137 0.999989450
1773246064.142658 -0.022002865 0.012760998 0.101669274 0.000563407 0.004201630 -0.002181742 0.999988616
1773246064.184367 -0.022117276 0.012281456 0.102041923 -0.000126805 0.004785384 -0.002327394 0.999985814
1773246064.210714 -0.022299267 0.012479533 0.102651708 -0.000059403 0.004981359 -0.002065904 0.999985456
1773246064.242791 -0.022362517 0.012602672 0.103386670 0.000308942 0.005153891 -0.002496518 0.999983549
1773246064.283812 -0.022567028 0.012568472 0.103843153 0.000375233 0.005269477 -0.002786349 0.999982178
1773246064.309484 -0.022510489 0.012588783 0.104240857 0.000371947 0.005218348 -0.002915232 0.999982059
1773246064.351571 -0.022450190 0.012562134 0.104775749 0.000708467 0.005235268 -0.002929120 0.999981761
1773246064.378314 -0.022946090 0.012976743 0.105728611 0.000960299 0.005787603 -0.002683524 0.999979138
1773246064.417610 -0.023084251 0.012889345 0.106194206 0.000816514 0.006223361 -0.002763044 0.999976456
1773246064.444375 -0.023144070 0.013206514 0.106995739 0.001064354 0.006430015 -0.002703313 0.999975085
1773246064.478120 -0.023402525 0.013190433 0.107422836 0.000743744 0.006699344 -0.002394803 0.999974430
1773246064.516858 -0.022968616 0.013583199 0.107896492 0.001038635 0.006271458 -0.001853383 0.999978065
1773246064.544847 -0.022862976 0.013772019 0.108645581 0.001218885 0.006223545 -0.002068240 0.999977767
1773246064.585015 -0.023191296 0.013816637 0.109080032 0.000963187 0.006468520 -0.002190833 0.999976218
1773246064.610707 -0.023277450 0.013880854 0.109431922 0.001142639 0.006607271 -0.002147064 0.999975204
1773246064.644911 -0.023210535 0.013900919 0.110215329 0.001008363 0.006687704 -0.002402660 0.999974251
1773246064.684187 -0.023271786 0.014171051 0.110603645 0.001089563 0.006561809 -0.002243680 0.999975324
1773246064.711169 -0.023623023 0.014015797 0.111429609 0.000681531 0.006652309 -0.002601480 0.999974251
1773246064.750192 -0.023843752 0.014116519 0.111970738 0.000534477 0.006890139 -0.002719204 0.999972403
1773246064.777486 -0.023784610 0.014227770 0.112543344 0.000396184 0.006549366 -0.002414622 0.999975502
1773246064.817444 -0.023942750 0.014258897 0.113021240 0.000600867 0.006618501 -0.002153787 0.999975562
1773246064.844847 -0.023788003 0.014208633 0.113487601 0.000847697 0.006430891 -0.002307480 0.999976277
1773246064.877671 -0.024043230 0.014435086 0.113973819 0.001254692 0.006212445 -0.002049263 0.999977767
1773246064.918687 -0.024646508 0.014472666 0.115106009 0.000617598 0.006502572 -0.001778919 0.999977052
1773246064.946133 -0.024598684 0.014372705 0.115635499 0.000465755 0.006284521 -0.001591708 0.999978840
1773246064.984852 -0.024807114 0.014523974 0.115999117 0.000778875 0.005958602 -0.002084755 0.999979734
1773246065.010515 -0.024994906 0.014421205 0.116403483 0.001024866 0.005652633 -0.001895009 0.999981701
1773246065.044807 -0.025035463 0.014793011 0.117001615 0.001392054 0.005307629 -0.001853607 0.999983191
1773246065.084324 -0.025459101 0.014763384 0.117979899 0.001159040 0.005549663 -0.002106654 0.999981701
1773246065.111878 -0.025494652 0.014652565 0.118458100 0.000731362 0.005369579 -0.002042687 0.999983191
1773246065.150312 -0.025669118 0.014671219 0.118959032 0.000774551 0.005184200 -0.002016391 0.999984205
1773246065.178331 -0.025740396 0.014970494 0.119440980 0.001568732 0.004940685 -0.002005626 0.999984562
1773246065.218342 -0.025663113 0.014896750 0.119188897 0.001394110 0.004631610 -0.001963294 0.999986351
1773246065.245423 -0.025704483 0.015080481 0.119796209 0.001267432 0.004498646 -0.001500592 0.999987900
1773246065.278249 -0.025965957 0.015067152 0.120854460 0.001120978 0.004550911 -0.001870895 0.999987245
1773246065.318541 -0.026181500 0.015185192 0.121221259 0.001776277 0.004767675 -0.001858701 0.999985337
1773246065.346085 -0.026513319 0.015587964 0.122681022 0.001516700 0.004958407 -0.001744072 0.999984980
1773246065.384929 -0.026381101 0.015544193 0.123302884 0.000904690 0.005039424 -0.001341278 0.999985993
1773246065.412581 -0.026323905 0.015619271 0.123675533 0.001225619 0.005187916 -0.001670199 0.999984384
1773246065.445221 -0.026576199 0.015757080 0.124087587 0.001784605 0.005505140 -0.001876774 0.999981463
1773246065.484639 -0.026632611 0.015951559 0.124710470 0.001301855 0.005468074 -0.001724483 0.999982715
1773246065.511565 -0.026512854 0.016035605 0.125252903 0.001073650 0.005388923 -0.001734177 0.999983370
1773246065.551816 -0.026932994 0.015657796 0.125191927 0.000777494 0.005778280 -0.001850199 0.999981284
1773246065.578376 -0.026998648 0.015693894 0.125549570 0.000881057 0.005957372 -0.001992992 0.999979854
1773246065.618130 -0.027319068 0.015689053 0.126111940 0.000440688 0.006167023 -0.002047445 0.999978781
1773246065.644465 -0.027624860 0.015531037 0.127282143 -0.000092580 0.006392346 -0.001862842 0.999977767
1773246065.678917 -0.027585905 0.015571664 0.127709270 -0.000362717 0.006261324 -0.001985840 0.999978304
1773246065.718068 -0.027987631 0.015574547 0.128126219 0.000068034 0.006357543 -0.002199537 0.999977350
1773246065.744986 -0.028041782 0.015494067 0.128669500 0.000086289 0.006117522 -0.002055144 0.999979198
1773246065.785649 -0.028098319 0.015598786 0.129284814 -0.000235537 0.006165131 -0.002194573 0.999978542
1773246065.812207 -0.028401615 0.015553907 0.129612535 -0.000586753 0.006108800 -0.002149066 0.999978840
1773246065.845707 -0.028407067 0.015807403 0.130291060 -0.000499693 0.005923293 -0.001960691 0.999980390
1773246065.885549 -0.028581249 0.015740000 0.130717650 -0.000583835 0.005837469 -0.001910778 0.999980927
1773246065.913290 -0.028589729 0.015920473 0.131553173 -0.000212563 0.005611985 -0.001983797 0.999982238
1773246065.952760 -0.028387796 0.016023614 0.131889895 -0.000053576 0.005043280 -0.001609540 0.999985993
1773246065.978914 -0.028612874 0.015992654 0.132270023 -0.000689976 0.004776119 -0.001484850 0.999987245
1773246066.019271 -0.028642604 0.016056484 0.132861108 -0.000699943 0.004407709 -0.001385568 0.999989092
1773246066.046168 -0.028838949 0.016142638 0.133396104 -0.000652124 0.003976997 -0.001077916 0.999991298
1773246066.079111 -0.028048379 0.015524388 0.130112901 -0.000730891 0.003218768 -0.001207479 0.999993801
1773246066.119200 -0.028181041 0.015693158 0.130721822 -0.000441922 0.002613574 -0.001312577 0.999995649
1773246066.146637 -0.028247915 0.015705340 0.131278679 -0.000380594 0.001628095 -0.000982017 0.999998093
1773246066.185829 -0.028393237 0.015666397 0.131827533 -0.000577029 0.000740312 -0.000926686 0.999999106
1773246066.213418 -0.028504310 0.015830455 0.132532030 -0.000695226 -0.000655321 -0.000643686 0.999999344
1773246066.245648 -0.028515717 0.016027337 0.133242190 -0.000283782 -0.002077572 -0.000758662 0.999997497
1773246066.286818 -0.028909868 0.015997639 0.133571789 -0.000535799 -0.003143649 0.000036226 0.999994934
1773246066.312525 -0.028877113 0.016047448 0.134199470 -0.000553829 -0.004769605 0.000418636 0.999988377
1773246066.352434 -0.029397395 0.016167819 0.134325847 -0.000802394 -0.006239686 0.000443604 0.999980092
1773246066.379019 -0.029298665 0.016185025 0.135097265 -0.000532056 -0.008315985 0.001087112 0.999964714
1773246066.419850 -0.029528616 0.016264524 0.135554612 -0.000068791 -0.010284490 0.001296781 0.999946237
1773246066.446263 -0.029691409 0.016394485 0.136183158 0.000460600 -0.012602829 0.001515707 0.999919295
1773246066.479212 -0.029979317 0.016327066 0.136571094 0.000078535 -0.014547367 0.001911952 0.999892354
1773246066.519969 -0.030016990 0.016558163 0.136966109 0.000406770 -0.016940547 0.002360663 0.999853611
1773246066.545603 -0.030106748 0.016403133 0.137554303 0.000613183 -0.019365700 0.002456203 0.999809265
1773246066.587233 -0.030290829 0.016495055 0.137856200 0.000543885 -0.021737957 0.003034886 0.999758959
1773246066.613488 -0.030598965 0.016677557 0.138775468 0.000905529 -0.024303799 0.003498039 0.999698102
1773246066.653301 -0.030670676 0.016705759 0.139101356 0.001433528 -0.027128847 0.003426451 0.999625087
1773246066.680859 -0.030748792 0.016818605 0.139698252 0.001847271 -0.030233311 0.003907165 0.999533534
1773246066.712646 -0.031218585 0.016610878 0.139773756 0.001692021 -0.033217486 0.004625953 0.999436021
1773246066.753413 -0.031328514 0.016557358 0.140274256 0.001668717 -0.036886677 0.004996801 0.999305606
1773246066.779754 -0.031322744 0.016888266 0.140687004 0.002569830 -0.041280057 0.005616950 0.999128520
1773246066.821756 -0.031572223 0.016837291 0.140952140 0.003006554 -0.045499012 0.006181268 0.998940706
1773246066.847248 -0.032044243 0.016697379 0.141282633 0.003200681 -0.049794495 0.006971983 0.998730004
1773246066.881356 -0.032132879 0.016895290 0.141587824 0.003501066 -0.054850183 0.007744116 0.998458385
1773246066.921369 -0.032298770 0.016763285 0.141717151 0.003724651 -0.060169823 0.008519752 0.998144865
1773246066.947329 -0.032242555 0.016882269 0.142349914 0.004878921 -0.065561399 0.008914898 0.997796774
1773246066.986857 -0.032008223 0.017136266 0.142606109 0.005611630 -0.071473874 0.009652510 0.997379959
1773246067.014341 -0.032462880 0.016814403 0.142932609 0.004895479 -0.076365598 0.009955961 0.997018158
1773246067.053078 -0.032587957 0.016851656 0.143047020 0.005377507 -0.081780769 0.011005091 0.996575058
1773246067.081131 -0.032671120 0.017043024 0.143486142 0.006587159 -0.087403521 0.011973706 0.996079266
1773246067.114585 -0.033489782 0.016862409 0.143788174 0.006357324 -0.091955863 0.012611964 0.995662928
1773246067.152884 -0.033572137 0.017091546 0.144125730 0.007007834 -0.097744524 0.013312547 0.995097816
1773246067.181069 -0.033635601 0.016982134 0.144319788 0.007598487 -0.103498042 0.014712883 0.994491816
1773246067.221473 -0.034042925 0.017053260 0.144419760 0.007704056 -0.108931959 0.014598326 0.993912160
1773246067.248100 -0.034526374 0.017283343 0.145028770 0.008194121 -0.114479743 0.015837973 0.993265510
1773246067.280525 -0.034504473 0.016701782 0.144974217 0.008461197 -0.120496653 0.016386047 0.992542386
1773246067.320131 -0.034837846 0.016572675 0.145131767 0.008765609 -0.126174182 0.017314479 0.991818249
1773246067.346879 -0.034598142 0.017064691 0.145369470 0.009491489 -0.132801279 0.018053282 0.990932822
1773246067.388336 -0.035296913 0.016981928 0.145813361 0.009197241 -0.138413772 0.018963769 0.990150213
1773246067.414999 -0.035511315 0.017270345 0.145900056 0.011395928 -0.144455299 0.019492179 0.989253700
1773246067.453265 -0.035515793 0.017226722 0.146268249 0.011528916 -0.151007637 0.020450408 0.988253772
1773246067.480797 -0.035748124 0.017189207 0.146423206 0.011390497 -0.157363579 0.021854207 0.987233162
1773246067.515500 -0.035667628 0.017305441 0.146693185 0.012143082 -0.164432704 0.022780394 0.986050427
1773246067.553411 -0.036199771 0.017049486 0.146789193 0.012671589 -0.170938015 0.023880303 0.984910846
1773246067.582432 -0.036454722 0.017339129 0.147064775 0.013696313 -0.178339899 0.024976488 0.983556509
1773246067.620583 -0.036789238 0.017096007 0.147371814 0.013561450 -0.185626447 0.025862211 0.982186377
1773246067.649061 -0.037117194 0.017641120 0.147628576 0.015021593 -0.193387449 0.027640799 0.980617940
1773246067.681703 -0.037109770 0.017142799 0.147757933 0.015322471 -0.201910317 0.028154101 0.978879333
1773246067.721458 -0.037319392 0.016697655 0.147600591 0.015340984 -0.210071787 0.029226420 0.977128625
1773246067.746918 -0.037636757 0.016615858 0.147913307 0.016295061 -0.218621209 0.030285422 0.975203574
1773246067.789621 -0.038063973 0.016932501 0.148284882 0.017260626 -0.227055192 0.031497017 0.973219395
1773246067.816139 -0.038030375 0.017382756 0.148607850 0.018632423 -0.236099392 0.033304874 0.970979273
1773246067.866741 -0.038296029 0.017074419 0.148444012 0.019714812 -0.244584695 0.034426197 0.968816042
1773246067.881846 -0.038354911 0.017054483 0.148757204 0.020234620 -0.253609985 0.035934981 0.966426969
1773246067.915742 -0.038982011 0.016891805 0.149088785 0.020261690 -0.261879981 0.036716398 0.964188874
1773246067.954759 -0.038891803 0.017414432 0.149000123 0.021469053 -0.270756364 0.038462833 0.961639583
1773246067.983036 -0.039045162 0.017445296 0.149064124 0.022207517 -0.279446214 0.039440427 0.959093869
1773246068.022329 -0.039295591 0.017471571 0.149189979 0.023021970 -0.287903488 0.040705688 0.956516922
1773246068.048015 -0.039577287 0.017121954 0.148908392 0.023231395 -0.295729160 0.041529346 0.954085886
1773246068.082873 -0.040264361 0.017417956 0.149180502 0.024188723 -0.303558350 0.042857703 0.951541066
1773246068.126688 -0.039996933 0.017235905 0.149078608 0.024879064 -0.311472714 0.043992057 0.948910117
1773246068.149035 -0.040237375 0.017194688 0.149249196 0.025491938 -0.318960488 0.044765037 0.946366966
1773246068.187726 -0.040216476 0.017018385 0.149247229 0.025326515 -0.326561242 0.045662001 0.943732619
1773246068.214260 -0.040379599 0.017513197 0.149254680 0.026905671 -0.333938748 0.047587033 0.941008210
1773246068.254065 -0.040644981 0.017260220 0.149444222 0.027575858 -0.341096818 0.047382083 0.938428164
1773246068.281568 -0.041073840 0.017541219 0.149633110 0.027960217 -0.347833484 0.048408795 0.935888171
1773246068.314942 -0.041394096 0.016818047 0.149254218 0.028004177 -0.354259431 0.048690770 0.933458686
1773246068.354105 -0.041628297 0.016980188 0.149776816 0.028616089 -0.360758692 0.050259348 0.930864275
1773246068.382720 -0.041243449 0.016908091 0.149722725 0.028822387 -0.367389947 0.051016778 0.928219378
1773246068.421998 -0.041767739 0.016922975 0.149897769 0.029449744 -0.373154432 0.051902231 0.925848067
1773246068.448772 -0.041932199 0.017029140 0.149822146 0.030340482 -0.378882796 0.052769866 0.923440635
1773246068.482882 -0.041817028 0.017040018 0.149596900 0.030780550 -0.384749591 0.053476159 0.920956373
1773246068.522374 -0.041843083 0.017151263 0.149848118 0.031617139 -0.391036659 0.054634042 0.918207943
1773246068.549139 -0.042739194 0.016928772 0.150072455 0.031534798 -0.396112889 0.054745711 0.916025698
1773246068.588076 -0.042863067 0.016932659 0.150000796 0.032097839 -0.402200013 0.055643868 0.913295507
1773246068.616425 -0.043196242 0.017080821 0.150002867 0.033013545 -0.407984763 0.056231529 0.910657227
1773246068.655113 -0.043079823 0.016985312 0.149965852 0.033322308 -0.414364010 0.057810634 0.907661855
1773246068.682846 -0.043017752 0.016986012 0.149977803 0.033805978 -0.420950860 0.058340408 0.904573917
1773246068.714841 -0.043419220 0.016957283 0.150027543 0.034501545 -0.427067101 0.059088074 0.901627362
1773246068.756019 -0.043729797 0.016997050 0.149941266 0.034937881 -0.433331966 0.060520146 0.898521066
1773246068.782229 -0.043773755 0.016962305 0.150009036 0.035407953 -0.440237850 0.061709322 0.895058036
1773246068.823090 -0.044332232 0.017191116 0.149859607 0.036460809 -0.446531594 0.062615268 0.891829252
1773246068.848256 -0.044142172 0.016990962 0.149936303 0.036689140 -0.453671575 0.063031986 0.888179600
1773246068.883403 -0.044508874 0.016877241 0.149939105 0.036874216 -0.460090518 0.063577004 0.884824872
1773246068.922117 -0.044334136 0.016940799 0.149648935 0.037779994 -0.466761351 0.065157048 0.881170273
1773246068.950457 -0.044226892 0.017085940 0.149681538 0.038409662 -0.473605275 0.066719212 0.877366126
1773246068.989512 -0.044338778 0.016957175 0.149775922 0.038824566 -0.480572909 0.067083515 0.873522878
1773246069.017425 -0.044802420 0.017676853 0.149707988 0.040780216 -0.486467242 0.067805998 0.870108604
1773246069.056615 -0.045605715 0.017420899 0.149695665 0.040655687 -0.491869003 0.067699783 0.867080629
1773246069.083136 -0.045105558 0.017811712 0.149596512 0.041924335 -0.498814344 0.069717377 0.862882435
1773246069.115923 -0.045284167 0.017759893 0.149483830 0.042507488 -0.504721820 0.069890693 0.859397650
1773246069.155226 -0.045729466 0.017822355 0.149225354 0.043107044 -0.510583222 0.071895912 0.855732143
1773246069.183881 -0.045386486 0.017089844 0.148639634 0.042602722 -0.517000437 0.071779579 0.851905644
1773246069.222626 -0.045676243 0.018551605 0.149343655 0.045163460 -0.523146927 0.073407024 0.847873151
1773246069.249753 -0.045786753 0.017877311 0.149265468 0.044628318 -0.528790951 0.074734271 0.844276786
1773246069.289009 -0.044954263 0.017400632 0.150128767 0.044189475 -0.536422014 0.076189950 0.839341283
1773246069.316522 -0.045678299 0.017373778 0.148872599 0.044729929 -0.540712297 0.076426834 0.836533546
1773246069.350426 -0.046558693 0.017599145 0.148832157 0.045824658 -0.546036780 0.076578379 0.832994342
1773246069.389154 -0.045923512 0.016125556 0.148600549 0.043568257 -0.552281916 0.078642346 0.828795433
1773246069.415734 -0.046158310 0.016242161 0.148554534 0.044550426 -0.558230519 0.077970333 0.824811816
1773246069.455634 -0.046706557 0.015859576 0.148562819 0.044501483 -0.563475430 0.078718737 0.821168900
1773246069.484019 -0.046038445 0.016161177 0.148424536 0.045459736 -0.569689393 0.080274843 0.816666007
1773246069.517261 -0.047742829 0.015767105 0.148291975 0.045947075 -0.574163079 0.079492457 0.813576400
1773246069.555418 -0.046523623 0.016621124 0.148404658 0.046858884 -0.580843270 0.082102500 0.808507621
1773246069.583873 -0.046637356 0.016618475 0.148408473 0.047394332 -0.586392939 0.083081603 0.804359674
1773246069.621544 -0.047495242 0.015684210 0.148060977 0.046458282 -0.591149807 0.082749806 0.800959349
1773246069.649772 -0.047209706 0.016452128 0.147951603 0.048071839 -0.597030401 0.084044591 0.796354353
1773246069.689239 -0.046950653 0.016089965 0.148000926 0.048116427 -0.603329599 0.082267277 0.791776657
1773246069.717625 -0.046799779 0.016528852 0.147956073 0.049348883 -0.608551264 0.083332777 0.787582159
1773246069.751077 -0.046762072 0.016489495 0.147961095 0.049697209 -0.613631666 0.084138595 0.783522189
1773246069.790589 -0.046848629 0.016528597 0.147933900 0.049918827 -0.618325651 0.085619040 0.779647887
1773246069.816180 -0.046798617 0.016564518 0.148153901 0.050345398 -0.623074889 0.086398639 0.775743663
1773246069.856133 -0.046761498 0.016549829 0.147920385 0.050642058 -0.626863480 0.087270424 0.772568047
1773246069.884345 -0.046811849 0.016506433 0.147928059 0.051233731 -0.630651653 0.086397506 0.769538224
1773246069.917761 -0.046767469 0.016532470 0.147965431 0.051590759 -0.633900762 0.087743811 0.766687155
1773246069.956100 -0.046888053 0.016501425 0.147962138 0.051594533 -0.636620939 0.087528296 0.764454424
1773246069.984208 -0.046770863 0.016540987 0.147974208 0.051362034 -0.639062345 0.089020602 0.762257516
1773246070.022947 -0.046824127 0.016546506 0.147974789 0.051830154 -0.641211689 0.089188978 0.760398924
1773246070.050573 -0.046765491 0.016538480 0.147979066 0.052177992 -0.643597007 0.088627592 0.758422971
1773246070.091136 -0.046771832 0.016542792 0.147971302 0.052704405 -0.645878971 0.088592589 0.756448269
1773246070.117880 -0.046753790 0.016549831 0.147952050 0.052315436 -0.648668349 0.090385288 0.753871918
1773246070.151367 -0.046772446 0.016545130 0.147968292 0.052745730 -0.651632249 0.090584800 0.751257360
1773246070.189734 -0.046767041 0.016555369 0.147963315 0.053071976 -0.654984891 0.090948269 0.748269022
1773246070.217681 -0.047155194 0.016380668 0.147809654 0.053100254 -0.658103168 0.091823339 0.745418727
1773246070.258193 -0.047152501 0.016385807 0.147811994 0.053287964 -0.661658108 0.091881894 0.742244422
1773246070.285211 -0.047156721 0.016380725 0.147813663 0.053790644 -0.665499210 0.091613457 0.738799274
1773246070.318094 -0.047157802 0.016385216 0.147814602 0.053924158 -0.669212162 0.092920266 0.735264003
1773246070.357773 -0.046857573 0.016564168 0.147980154 0.054553762 -0.673284054 0.093888588 0.731366754
1773246070.385520 -0.046914596 0.016556833 0.148032606 0.055025309 -0.676913917 0.093521044 0.728020310
1773246070.423170 -0.047151327 0.016383374 0.147805348 0.055167835 -0.679741859 0.094704062 0.725216329
1773246070.452067 -0.047155313 0.016383611 0.147812337 0.055047967 -0.682767868 0.095268875 0.722302973
1773246070.489751 -0.047406387 0.016200162 0.147567466 0.055146754 -0.684844613 0.094962768 0.720367074
1773246070.518924 -0.047420986 0.016197007 0.147580594 0.055466406 -0.687233448 0.095881179 0.717941821
1773246070.552184 -0.048614077 0.015413679 0.146592721 0.054026954 -0.687388659 0.095072053 0.718010604
1773246070.590394 -0.048607957 0.015410447 0.146591440 0.054003883 -0.689560533 0.096048415 0.715796411
1773246070.618106 -0.048625309 0.015408820 0.146613806 0.054340463 -0.691634715 0.095874272 0.713790357
1773246070.656419 -0.048585080 0.015408458 0.146588221 0.055002626 -0.693613231 0.095133245 0.711916506
1773246070.685015 -0.052724760 0.015031510 0.143538550 0.055257741 -0.688398600 0.094308019 0.717049479
1773246070.717957 -0.052730601 0.015026261 0.143522948 0.055255104 -0.689507902 0.093627170 0.716072381
1773246070.756695 -0.053784966 0.010851815 0.140457109 0.048784904 -0.686166465 0.088483199 0.720393181
1773246070.785234 -0.053776123 0.010853749 0.140475780 0.048693433 -0.687016428 0.088754490 0.719555438
1773246070.823829 -0.053766891 0.010857165 0.140474647 0.048805386 -0.687744677 0.088475294 0.718886197
1773246070.852680 -0.053931791 0.010878903 0.140529796 0.048720364 -0.687989593 0.088590361 0.718643367
1773246070.891159 -0.053956982 0.010866073 0.140568748 0.048806697 -0.688415408 0.088315234 0.718263566
1773246070.918572 -0.054016043 0.010883858 0.140574187 0.049230017 -0.688698173 0.088160209 0.717982590
1773246070.952976 -0.054044910 0.010868802 0.140588373 0.048709687 -0.688836873 0.088712282 0.717817008
1773246070.991476 -0.055885550 0.014398166 0.142230198 0.055045500 -0.689448953 0.093713358 0.716134071
1773246071.019706 -0.056118958 0.014442366 0.142382160 0.054979660 -0.689655423 0.093904465 0.715915203
1773246071.059068 -0.056219239 0.014466687 0.142428994 0.055294678 -0.689877450 0.093592301 0.715717852
1773246071.085598 -0.056339223 0.014465077 0.142534092 0.055115778 -0.689933300 0.093242534 0.715723455
1773246071.119165 -0.056363802 0.014485433 0.142542988 0.054914180 -0.689994752 0.094092876 0.715568483
1773246071.158407 -0.057181869 0.014160397 0.142996386 0.054657187 -0.690529525 0.092555292 0.715272725
1773246071.185901 -0.057729516 0.014201064 0.143330142 0.054719616 -0.690935910 0.092055857 0.714939892
1773246071.226858 -0.058061771 0.014317660 0.143218398 0.054666013 -0.690713167 0.093030050 0.715033114
1773246071.252240 -0.058947630 0.013734544 0.141699046 0.054198015 -0.687568367 0.091764197 0.718255937
1773246071.292558 -0.059407599 0.013123687 0.141567022 0.053421404 -0.687143505 0.089898482 0.718956351
1773246071.319187 -0.059774328 0.012938481 0.141503632 0.052773386 -0.686928034 0.090224646 0.719169199
1773246071.353717 -0.060486205 0.013205419 0.140755206 0.053196479 -0.685105681 0.090535283 0.720835388
1773246071.391844 -0.060760245 0.012961238 0.140915394 0.052598558 -0.685401261 0.090149038 0.720646679
1773246071.419442 -0.061137229 0.012447672 0.140588626 0.052508347 -0.685019851 0.089570925 0.721087813
1773246071.461277 -0.061483420 0.012206495 0.140492544 0.050727021 -0.684865415 0.088317148 0.721516550
1773246071.486583 -0.061992124 0.012415546 0.140360534 0.051437661 -0.684555471 0.088971928 0.721679926
1773246071.519718 -0.062323689 0.012214623 0.140426278 0.052185021 -0.684846759 0.088469326 0.721411645
1773246071.558577 -0.062711075 0.011996833 0.140792251 0.051093370 -0.685958028 0.087770782 0.720518708
1773246071.587154 -0.063075326 0.012081342 0.140630156 0.051009879 -0.685816169 0.087684445 0.720670164
1773246071.631158 -0.063423075 0.011886638 0.140849501 0.050965894 -0.686305583 0.086835615 0.720310152
1773246071.652931 -0.063891120 0.011723581 0.140764803 0.050477687 -0.686079025 0.086615108 0.720586777
1773246071.692300 -0.064193234 0.011099419 0.140832409 0.049121086 -0.686170578 0.085665539 0.720706820
1773246071.720211 -0.064834431 0.011804700 0.140676081 0.050258093 -0.685807049 0.087528497 0.720750690
1773246071.753353 -0.065046728 0.011809314 0.140865996 0.050315700 -0.686494768 0.087107584 0.720142722
1773246071.792918 -0.065852590 0.011015160 0.139892161 0.048939679 -0.684981883 0.085925214 0.721818268
1773246071.820472 -0.066172265 0.011085798 0.139981523 0.049074154 -0.685534060 0.085850686 0.721293628
1773246071.858251 -0.066827454 0.010663701 0.139693409 0.048246622 -0.685412884 0.085693717 0.721483171
1773246071.979293 -0.067684054 0.010577876 0.139672101 0.048205689 -0.686316252 0.084972247 0.720712066
1773246072.009431 -0.068716034 0.010489188 0.139229864 0.047967046 -0.686602056 0.085000113 0.720452368
1773246072.022494 -0.069158204 0.010509184 0.139116198 0.047455084 -0.687542379 0.085075490 0.719580114
1773246072.053497 -0.070046633 0.010837449 0.138535723 0.049465567 -0.686702013 0.085658334 0.720177829
1773246072.095011 -0.070604160 0.010962996 0.138501644 0.049318921 -0.687155306 0.087021239 0.719591856
1773246072.121856 -0.070765771 0.010769384 0.138417885 0.048138466 -0.688030183 0.086208440 0.718933344
1773246072.153642 -0.071491718 0.010566571 0.138365686 0.047866322 -0.688219130 0.086075298 0.718786657
1773246072.191726 -0.071688406 0.013143351 0.138824120 0.053004004 -0.688905954 0.092373423 0.716984153
1773246072.220629 -0.072060987 0.012949537 0.138705954 0.052408796 -0.689182818 0.091970481 0.716813624
1773246072.266559 -0.072572090 0.012858357 0.138594523 0.051993258 -0.689608455 0.091495149 0.716495335
1773246072.285829 -0.073133193 0.013013920 0.138500243 0.052876152 -0.689497888 0.092614338 0.716393292
1773246072.325525 -0.073656492 0.012603137 0.138601765 0.052390914 -0.690319896 0.091881022 0.715731442
1773246072.352650 -0.073986791 0.012631216 0.138586327 0.051775858 -0.690945566 0.091698453 0.715195715
1773246072.387646 -0.074366920 0.012702649 0.138599187 0.052461375 -0.691452324 0.091571808 0.714672029
1773246072.425607 -0.074887708 0.012722157 0.138561323 0.052739829 -0.691738665 0.092028089 0.714315712
1773246072.453742 -0.075394265 0.012255834 0.138473675 0.051772263 -0.692160726 0.091137379 0.714091897
1773246072.493325 -0.076175079 0.012850386 0.137913957 0.052693859 -0.691490471 0.091866463 0.714580238
1773246072.520849 -0.076592073 0.012668168 0.137762502 0.052389223 -0.691535294 0.092070624 0.714532912
1773246072.554324 -0.076897733 0.012281211 0.137708694 0.052097559 -0.691981196 0.091209650 0.714232922
1773246072.592851 -0.077621780 0.012795866 0.137413859 0.052661743 -0.692060053 0.092420414 0.713959396
1773246072.619710 -0.078096613 0.013046814 0.137052253 0.054437429 -0.692218959 0.093103558 0.713583291
1773246072.660037 -0.078690790 0.013388645 0.136856258 0.054551020 -0.692276716 0.093463965 0.713471532
1773246072.687403 -0.079056688 0.012773251 0.136986330 0.053327922 -0.693050921 0.092421569 0.712947965
1773246072.725937 -0.079642281 0.012563530 0.136720732 0.053769253 -0.692830026 0.092353359 0.713138282
1773246072.754812 -0.080019392 0.012414936 0.136758074 0.053806312 -0.693387568 0.092063375 0.712630928
1773246072.786927 -0.080545500 0.012136299 0.136587128 0.053657554 -0.693384945 0.092157699 0.712632537
1773246072.829500 -0.080838673 0.012037884 0.136490613 0.053128600 -0.693538666 0.092274502 0.712507486
1773246072.854975 -0.081383504 0.011973988 0.136285722 0.053018522 -0.693303943 0.092320628 0.712738097
1773246072.896410 -0.081974484 0.011610448 0.136292398 0.052540839 -0.693456709 0.091874473 0.712682486
1773246072.920977 -0.082605869 0.012020661 0.136014938 0.054019835 -0.692909360 0.092796408 0.712984800
1773246072.954337 -0.083030283 0.012121703 0.135973006 0.054181647 -0.693014145 0.093132831 0.712826788
1773246072.992956 -0.083474673 0.011862157 0.135877669 0.053363010 -0.693006754 0.092371449 0.712994754
1773246073.020355 -0.083998024 0.011363672 0.135788217 0.052693479 -0.692932189 0.091608025 0.713215470
1773246073.060325 -0.084449731 0.011085605 0.135694891 0.052672934 -0.692954242 0.091486916 0.713211119
1773246073.088698 -0.085018143 0.010775115 0.135565192 0.052298207 -0.692699730 0.091177896 0.713525414
1773246073.129303 -0.085501812 0.010583187 0.135448202 0.051615398 -0.692950845 0.090815760 0.713377535
1773246073.154736 -0.085953988 0.010294672 0.135359675 0.051768769 -0.693395197 0.090680838 0.712951720
1773246073.187632 -0.086752534 0.010942398 0.135030270 0.052606266 -0.693087339 0.091388263 0.713099420
1773246073.227676 -0.087283745 0.010579348 0.134927362 0.052357212 -0.693098903 0.090893485 0.713169694
1773246073.255285 -0.087730408 0.010311976 0.134839445 0.052216034 -0.693298340 0.090870380 0.712989151
1773246073.294373 -0.088057175 0.011451552 0.135310635 0.054372028 -0.694426835 0.093460985 0.711393058
1773246073.321888 -0.088407882 0.011216110 0.135238126 0.053522170 -0.694684684 0.092730150 0.711301386
1773246073.355342 -0.088699065 0.011146421 0.135176912 0.054256637 -0.694773436 0.092633307 0.711171627
1773246073.393949 -0.089286365 0.011372346 0.135005265 0.054854758 -0.694668114 0.093416542 0.711126208
1773246073.421175 -0.090143837 0.011426846 0.134659275 0.054953653 -0.694113255 0.093959168 0.711588740
1773246073.461237 -0.090451464 0.011493791 0.134667516 0.055357270 -0.694453478 0.093515143 0.711283982
1773246073.488869 -0.091065362 0.011463942 0.134500086 0.055652838 -0.694278955 0.094032392 0.711363018
1773246073.531820 -0.091658205 0.011752697 0.134270251 0.056736492 -0.693965912 0.095240086 0.711422205
1773246073.555667 -0.091832265 0.011146870 0.134171069 0.054916684 -0.694324076 0.094045848 0.711374462
1773246073.589850 -0.092193723 0.010903789 0.134101257 0.054638922 -0.694443226 0.093534127 0.711347044
1773246073.636084 -0.092658944 0.010756418 0.133978277 0.055148840 -0.694206357 0.093699709 0.711517036
1773246073.656464 -0.093058236 0.010704586 0.133877933 0.054687958 -0.694451153 0.093728751 0.711309850
1773246073.695095 -0.093596645 0.010849573 0.133705303 0.054251287 -0.694553554 0.094185606 0.711182952
1773246073.721971 -0.094082445 0.010804877 0.133442536 0.056676846 -0.694194317 0.094635107 0.711284935
1773246073.755773 -0.094653130 0.011175325 0.133357704 0.055902053 -0.694402277 0.095411569 0.711039424
1773246073.795039 -0.095302828 0.011160892 0.133164525 0.055739935 -0.694064498 0.095613398 0.711354733
1773246073.820871 -0.095462918 0.010808157 0.133276671 0.055601627 -0.694394648 0.095126182 0.711108744
1773246073.861305 -0.095897205 0.010793008 0.133180931 0.055789854 -0.694294512 0.094941460 0.711216390
1773246073.889242 -0.096457802 0.010711294 0.132856831 0.055037227 -0.693692684 0.095263712 0.711818933
1773246073.927193 -0.096929543 0.010903500 0.132884085 0.055809390 -0.693524897 0.095439978 0.711898685
1773246073.955029 -0.097349018 0.010742078 0.132821366 0.055870790 -0.693260431 0.095188521 0.712185025
1773246073.989314 -0.097764120 0.010567974 0.132728562 0.055420101 -0.692832947 0.094891764 0.712675631
1773246074.027687 -0.098242052 0.010634048 0.132559881 0.055159703 -0.692100108 0.095025338 0.713389814
1773246074.055209 -0.098683275 0.010704225 0.132488310 0.055516586 -0.691665590 0.094778717 0.713816166
1773246074.094188 -0.099316441 0.010590086 0.132345095 0.055119716 -0.691100001 0.094866097 0.714382946
1773246074.122633 -0.099629506 0.010464525 0.132362694 0.054920819 -0.690964937 0.094482362 0.714579761
1773246074.155315 -0.100127719 0.010460565 0.132218510 0.054955371 -0.690307617 0.094636209 0.715191782
1773246074.194503 -0.100611962 0.010570934 0.132398203 0.054896407 -0.690248966 0.094278395 0.715300143
1773246074.222414 -0.101136684 0.010230966 0.132299840 0.054338977 -0.689616859 0.093717664 0.716025770
1773246074.261994 -0.101467498 0.010218535 0.132240877 0.054642398 -0.689153910 0.093843326 0.716431797
1773246074.288911 -0.102044851 0.010281470 0.132226199 0.054180928 -0.689005256 0.093623757 0.716638565
1773246074.328283 -0.102672108 0.010273097 0.132034093 0.054363646 -0.688065410 0.093493618 0.717544138
1773246074.356049 -0.103168599 0.010274770 0.131965965 0.054714620 -0.687488198 0.094134256 0.717986822
1773246074.389930 -0.103656799 0.010071855 0.131877631 0.054063819 -0.687031150 0.093350351 0.718575716
1773246074.428391 -0.104173124 0.010075435 0.131903842 0.053414196 -0.686734319 0.093576618 0.718878567
1773246074.456361 -0.104774661 0.010282563 0.131717488 0.054611512 -0.685823262 0.094442748 0.719544768
1773246074.495381 -0.105208211 0.010110954 0.131766021 0.054313686 -0.685606956 0.093635678 0.719878793
1773246074.522388 -0.105709761 0.010087550 0.131849840 0.053876363 -0.685435474 0.092795312 0.720183790
1773246074.557234 -0.106164001 0.009968601 0.131765306 0.053723995 -0.684733450 0.092526443 0.720897138
1773246074.594969 -0.106785603 0.009863300 0.131626070 0.054377679 -0.683717728 0.092906632 0.721762776
1773246074.622971 -0.107475251 0.009973012 0.131450534 0.053662665 -0.682874918 0.093186699 0.722577691
1773246074.662312 -0.108081520 0.010096004 0.131376415 0.053681009 -0.682025492 0.093304232 0.723362982
1773246074.690271 -0.108550027 0.009881809 0.131344542 0.053535454 -0.681398153 0.092707328 0.724041343
1773246074.729225 -0.109252982 0.009667406 0.131238118 0.053364530 -0.680476427 0.092728540 0.724917650
1773246074.755366 -0.109897092 0.009804189 0.131154850 0.053048704 -0.679695606 0.092663139 0.725681305
1773246074.789021 -0.110103838 0.009895474 0.131425738 0.052863792 -0.680703461 0.092161022 0.724813461
1773246074.832786 -0.110684514 0.009909917 0.131356955 0.053594466 -0.680436671 0.092483975 0.724969149
1773246074.856210 -0.111153431 0.009674396 0.131211832 0.053930182 -0.680123925 0.092555285 0.725228548
1773246074.895028 -0.111743808 0.009685021 0.131178871 0.053352296 -0.680653274 0.092000522 0.724845231
1773246074.923763 -0.112320244 0.009745957 0.131096318 0.053290386 -0.681028068 0.092957772 0.724375427
1773246074.957275 -0.112902895 0.009700339 0.130884081 0.053627647 -0.680966258 0.093092591 0.724391341
1773246074.994856 -0.113313764 0.009659497 0.130835086 0.053951435 -0.681465805 0.093101181 0.723896205
1773246075.024508 -0.114007428 0.009681866 0.130618826 0.054262605 -0.681236684 0.093524724 0.724034071
1773246075.065124 -0.114665687 0.009603046 0.130292028 0.054304332 -0.680889308 0.093670510 0.724338770
1773246075.092020 -0.115069099 0.009624869 0.130373657 0.054544628 -0.681467414 0.093478628 0.723801613
1773246075.130446 -0.115482919 0.009466501 0.130324289 0.053507280 -0.681637526 0.093440078 0.723723829
1773246075.157619 -0.115991488 0.009250937 0.130238011 0.053409927 -0.681542337 0.092571996 0.723932266
1773246075.191595 -0.116643935 0.009123351 0.130009755 0.053292170 -0.681317449 0.092728950 0.724132478
1773246075.231820 -0.117241316 0.009349614 0.129772305 0.054071132 -0.680955231 0.093455531 0.724321961
1773246075.257696 -0.117847696 0.009118728 0.129611880 0.053256877 -0.680983603 0.093229726 0.724384725
1773246075.297090 -0.118264735 0.009105887 0.129672006 0.052720081 -0.682037771 0.092859611 0.723479271
1773246075.324950 -0.118852407 0.009047791 0.129375190 0.054160990 -0.682349801 0.093211666 0.723033190
1773246075.363667 -0.119375601 0.008871458 0.129191682 0.053824436 -0.682747006 0.092850693 0.722729683
1773246075.391062 -0.120047472 0.008931037 0.128983259 0.053491674 -0.683066428 0.093047157 0.722427309
1773246075.423231 -0.120679952 0.008849554 0.128767669 0.053803101 -0.683084607 0.093333200 0.722350061
1773246075.461796 -0.121120289 0.008722702 0.128767863 0.053971615 -0.683783829 0.093429841 0.721663058
1773246075.491754 -0.121762566 0.008681664 0.128579453 0.053620718 -0.683854103 0.093533330 0.721609235
1773246075.530015 -0.122157007 0.008760598 0.128458023 0.054108586 -0.684108675 0.093217865 0.721372247
1773246075.557460 -0.122738473 0.008804122 0.128275648 0.054631740 -0.684140861 0.093679830 0.721242487
1773246075.590693 -0.123267293 0.008841736 0.128119186 0.055383246 -0.684245050 0.094178788 0.721021295
1773246075.630012 -0.123793252 0.008796871 0.127942234 0.055210046 -0.684262395 0.094085790 0.721030295
1773246075.657915 -0.124233216 0.008332089 0.127729833 0.053898662 -0.684344172 0.093024962 0.721189559
1773246075.697792 -0.124803722 0.008253934 0.127611488 0.053674541 -0.684481382 0.092727810 0.721114278
1773246075.723199 -0.125345185 0.008261321 0.127487451 0.053818867 -0.684481621 0.093111999 0.721053779
1773246075.758024 -0.125992730 0.008193795 0.127333596 0.055006735 -0.684106350 0.092909403 0.721346438
1773246075.797211 -0.126347348 0.008238517 0.127221987 0.054954596 -0.684241235 0.093920492 0.721091449
1773246075.824054 -0.126897469 0.008412849 0.127040714 0.054932687 -0.684340000 0.094122134 0.720973134
1773246075.865779 -0.127510786 0.008003080 0.126750946 0.053937323 -0.684032023 0.093429923 0.721430421
1773246075.891552 -0.128062084 0.007991608 0.126693293 0.054775793 -0.684061289 0.093377717 0.721346259
1773246075.931007 -0.128629550 0.007828025 0.126515999 0.054053828 -0.683950543 0.093562685 0.721481681
1773246075.958779 -0.129273340 0.007802222 0.126345634 0.054697488 -0.683740318 0.093739085 0.721609592
1773246075.991017 -0.129711375 0.007719258 0.126264378 0.054132093 -0.684043288 0.093797818 0.721357346
1773246076.030318 -0.130196407 0.007644063 0.126140475 0.054022036 -0.684274197 0.093255505 0.721216857
1773246076.057110 -0.130612567 0.007914172 0.126076519 0.054574586 -0.684502721 0.094178692 0.720838428
1773246076.097368 -0.131157607 0.007884780 0.125928670 0.054692779 -0.684377551 0.094153233 0.720951617
1773246076.125153 -0.131583005 0.007884512 0.125783890 0.055049501 -0.684428155 0.094137818 0.720878363
1773246076.157675 -0.132162005 0.007795447 0.125594810 0.055121981 -0.684242845 0.094515100 0.720999420
1773246076.197155 -0.132638574 0.007580537 0.125445694 0.054107875 -0.684388161 0.093847640 0.721025527
1773246076.224410 -0.133215636 0.007526763 0.125283450 0.054064237 -0.684104443 0.094289280 0.721240401
1773246076.263695 -0.133667350 0.007557902 0.125087380 0.054803796 -0.683854699 0.094625019 0.721377492
1773246076.291411 -0.134238780 0.007466393 0.124946624 0.054363903 -0.684122443 0.094408281 0.721185207
1773246076.331213 -0.134559408 0.007283336 0.124880314 0.053422455 -0.684503734 0.093188465 0.721052408
1773246076.358754 -0.135226041 0.007363103 0.124661237 0.054478563 -0.684059680 0.094383836 0.721239269
1773246076.392033 -0.135696694 0.007400542 0.124567725 0.054684490 -0.684184253 0.094725996 0.721060693
1773246076.433414 -0.136107013 0.007474078 0.124448717 0.054650057 -0.684406519 0.094871543 0.720833182
1773246076.458744 -0.136657223 0.007506439 0.124278717 0.054510351 -0.684372544 0.095121853 0.720843017
1773246076.497618 -0.137110844 0.007567076 0.124134995 0.054878015 -0.684323788 0.095432289 0.720820367
1773246076.525301 -0.137597263 0.007661443 0.123978786 0.055843219 -0.684232593 0.096175872 0.720733941
1773246076.558683 -0.138015941 0.007747451 0.123842977 0.056041159 -0.684358656 0.096344158 0.720576465
1773246076.598330 -0.138588011 0.007103175 0.123741284 0.054373395 -0.684193730 0.094719335 0.721076071
1773246076.625962 -0.139012098 0.006254854 0.123724587 0.051800318 -0.684540689 0.092213303 0.721261084
1773246076.664477 -0.139615417 0.006405860 0.123523854 0.052702527 -0.684193075 0.093302354 0.721385479
1773246076.693085 -0.140227497 0.006401991 0.123314478 0.052752241 -0.683731139 0.093595937 0.721781611
1773246076.731392 -0.140765294 0.006416952 0.123157673 0.052732546 -0.683810294 0.093545243 0.721714616
1773246076.758816 -0.141354173 0.006502708 0.122953624 0.052981745 -0.683543801 0.094063915 0.721881449
1773246076.792664 -0.141892090 0.006195029 0.122836322 0.052570436 -0.683469117 0.093896002 0.722003996
1773246076.831068 -0.142232537 0.006809875 0.122672118 0.054374199 -0.683603704 0.095246956 0.721566021
1773246076.858576 -0.142794624 0.006625092 0.122561947 0.053761873 -0.683608890 0.095027566 0.721635878
1773246076.899107 -0.143237472 0.006518820 0.122439869 0.053253844 -0.683796346 0.094703786 0.721538484
1773246076.926069 -0.143795237 0.006906776 0.122228257 0.054776438 -0.683510482 0.096503206 0.721456885
1773246076.958092 -0.144256562 0.006675398 0.122116730 0.054348156 -0.683501482 0.095780298 0.721594155
1773246076.998455 -0.144814178 0.006580204 0.121952742 0.054501548 -0.683295727 0.096211858 0.721720040
1773246077.026503 -0.145368904 0.006365439 0.121819705 0.054301418 -0.683250070 0.095163621 0.721917272
1773246077.064470 -0.145828113 0.006416138 0.121647753 0.054343030 -0.683255613 0.095520698 0.721861720
1773246077.093136 -0.146412045 0.006201951 0.121505953 0.053855579 -0.683137834 0.095392093 0.722026765
1773246077.132475 -0.146792486 0.006253919 0.121343724 0.054216098 -0.683215201 0.095680736 0.721888304
1773246077.158872 -0.147373170 0.006168302 0.121242575 0.054057788 -0.683423758 0.095670678 0.721704125
1773246077.192793 -0.147882864 0.006157111 0.121085182 0.054250050 -0.683237195 0.095765896 0.721853673
1773246077.233142 -0.148404762 0.006090201 0.120927870 0.054184824 -0.683290482 0.096195266 0.721751094
1773246077.258822 -0.148864612 0.006002881 0.120832518 0.054175410 -0.683382511 0.095920533 0.721701205
1773246077.298721 -0.149294049 0.005959973 0.120708734 0.054154873 -0.683782339 0.095287576 0.721407831
1773246077.327054 -0.149632439 0.006069910 0.120604694 0.054299392 -0.684444129 0.096140161 0.720655859
1773246077.359699 -0.150061294 0.006043207 0.120471768 0.054454334 -0.684852064 0.095806971 0.720300913
1773246077.400832 -0.150583699 0.006187726 0.120294847 0.055499047 -0.685189366 0.097158961 0.719719112
1773246077.427156 -0.151095659 0.006335348 0.120122604 0.056169495 -0.685711265 0.098060355 0.719047427
1773246077.465466 -0.151429743 0.006427832 0.120011099 0.056302834 -0.686357856 0.097437337 0.718504608
1773246077.493358 -0.152314320 0.006349083 0.119755246 0.057395086 -0.685821354 0.099682249 0.718622506
1773246077.532375 -0.152382582 0.005569763 0.119822398 0.054377440 -0.687425673 0.095761761 0.717857003
1773246077.559443 -0.152820975 0.005306065 0.119695060 0.053215347 -0.687840819 0.094606481 0.717699587
1773246077.593919 -0.153291613 0.005403116 0.119580068 0.054615967 -0.688414931 0.095949560 0.716865182
1773246077.631603 -0.153814793 0.005279996 0.119378336 0.054513641 -0.688721716 0.096557826 0.716496527
1773246077.660347 -0.154166803 0.005340468 0.119319148 0.054282244 -0.689865410 0.096526586 0.715417206
1773246077.698695 -0.154669940 0.005268633 0.119166434 0.054620311 -0.690215468 0.096677072 0.715033412
1773246077.726601 -0.155047625 0.005142618 0.119018868 0.054740932 -0.690652907 0.096726447 0.714595020
1773246077.759547 -0.155512169 0.005197141 0.118907921 0.055030484 -0.691671014 0.097387485 0.713497400
1773246077.800689 -0.155950949 0.005214531 0.118740626 0.054767400 -0.692622721 0.097933017 0.712519050
1773246077.827263 -0.156396061 0.005237788 0.118654132 0.055863194 -0.693581402 0.098850042 0.711373866
1773246077.865774 -0.156831279 0.005227104 0.118523888 0.056177653 -0.695124269 0.098579384 0.709879160
1773246077.893640 -0.157239735 0.004996505 0.118395805 0.054626077 -0.696497679 0.096819617 0.708895564
1773246077.933788 -0.157788649 0.004881106 0.118250027 0.056028705 -0.697581053 0.097966261 0.707562029
1773246077.961275 -0.158043042 0.004727069 0.118211001 0.055027481 -0.699572742 0.096594855 0.705860794
1773246077.993896 -0.158724248 0.004866362 0.117979161 0.055219721 -0.700311422 0.098427027 0.704859495
1773246078.031442 -0.159178659 0.004943732 0.117835701 0.055929191 -0.701536417 0.099049546 0.703496873
1773246078.060731 -0.159662247 0.005121179 0.117662638 0.057364736 -0.702658057 0.100187182 0.702099383
1773246078.100113 -0.160182506 0.005327046 0.117491037 0.059590723 -0.703736305 0.101388596 0.700660050
1773246078.126347 -0.160714149 0.005540442 0.117309093 0.061305135 -0.704644084 0.102814674 0.699390948
1773246078.160893 -0.160818771 0.004769567 0.117283963 0.056745995 -0.706547976 0.099452436 0.698340237
1773246078.199487 -0.161237404 0.004765056 0.117187120 0.057148423 -0.707723677 0.099712454 0.697078705
1773246078.227067 -0.161704704 0.004694134 0.117086805 0.057998866 -0.708852708 0.100826375 0.695699692
1773246078.266665 -0.162120447 0.004515715 0.116982244 0.056812312 -0.709836483 0.100654468 0.694818914
1773246078.294151 -0.162477076 0.004719976 0.116867535 0.057962939 -0.710705698 0.101196229 0.693755805
1773246078.333653 -0.162998036 0.004561480 0.116661072 0.057628054 -0.710739315 0.102249421 0.693594873
1773246078.361379 -0.163308591 0.004750714 0.116567239 0.058894325 -0.711543500 0.102151215 0.692677796
1773246078.395159 -0.163673669 0.004490189 0.116481051 0.058037557 -0.712259173 0.101745702 0.692074001
1773246078.433896 -0.163610831 0.003954388 0.116589837 0.054466370 -0.714735866 0.098593310 0.690264881
1773246078.461576 -0.164148822 0.004361179 0.116433993 0.057636004 -0.714670718 0.100473098 0.689803600
1773246078.498800 -0.164489761 0.004552871 0.116417252 0.059271310 -0.715750515 0.101723775 0.688360631
1773246078.527214 -0.164834887 0.004355669 0.116208278 0.058091283 -0.716048241 0.100343667 0.688354194
1773246078.561161 -0.165139213 0.004178103 0.116167694 0.057151180 -0.716985703 0.100149341 0.687484741
1773246078.599996 -0.165552035 0.004303586 0.116055518 0.058783613 -0.717417836 0.100906402 0.686785281
1773246078.627528 -0.166085303 0.004498575 0.115857847 0.059942324 -0.717152953 0.103163391 0.686626434
1773246078.666779 -0.166192338 0.004361790 0.115878135 0.059230298 -0.718687952 0.101835802 0.685280144
1773246078.694244 -0.166669518 0.004133202 0.115706682 0.058115162 -0.718434751 0.101554163 0.685682774
1773246078.733335 -0.166880831 0.004011799 0.115662947 0.057950974 -0.719500542 0.100313559 0.684761107
1773246078.761926 -0.167337343 0.003550410 0.115552314 0.055029567 -0.719640970 0.099462755 0.684978664
1773246078.795410 -0.167312548 0.003175925 0.115635142 0.052900240 -0.722026050 0.096356094 0.683077931
1773246078.834612 -0.167528182 0.002958186 0.115603901 0.051544651 -0.723395348 0.095346719 0.681873381
1773246078.860761 -0.167570621 0.002258614 0.115661711 0.047001284 -0.725336969 0.093270764 0.680424690
1773246078.900763 -0.167854533 0.001892986 0.115634888 0.045175828 -0.726403058 0.091597244 0.679637969
1773246078.927965 -0.168436915 0.002320975 0.115394294 0.048351195 -0.726110160 0.092640698 0.679591060
1773246078.961963 -0.169394180 0.004238483 0.114888526 0.062041949 -0.723797858 0.102308668 0.679558992
1773246079.001116 -0.169649318 0.004165847 0.114824839 0.061648890 -0.725154102 0.102195740 0.678164363
1773246079.029026 -0.170032308 0.004103411 0.114716992 0.061753877 -0.725889504 0.103246085 0.677208304
1773246079.068202 -0.170403481 0.003995817 0.114615239 0.061084446 -0.726719439 0.103799343 0.676293790
1773246079.094902 -0.170734078 0.003813360 0.114537194 0.060439527 -0.727813005 0.102641158 0.675351858
1773246079.134252 -0.171158358 0.003611293 0.114421614 0.059618201 -0.728942990 0.102653265 0.674203336
1773246079.162412 -0.170900807 0.002813369 0.114598081 0.053994928 -0.732358813 0.096704803 0.671850622
1773246079.194738 -0.171177253 0.002759386 0.114521079 0.054062527 -0.733877838 0.096917056 0.670154989
1773246079.236468 -0.171330303 0.002696592 0.114497818 0.053611949 -0.736273348 0.096680261 0.667592824
1773246079.262255 -0.171964198 0.003225096 0.114240669 0.057912938 -0.737010419 0.101598881 0.665687144
1773246079.301949 -0.171924904 0.002863929 0.114236027 0.055883601 -0.740033746 0.098872885 0.662911177
1773246079.329296 -0.172199950 0.003155503 0.114220977 0.057780147 -0.743438184 0.101912856 0.658464074
1773246079.367484 -0.172237828 0.002554998 0.114223264 0.054855589 -0.746913493 0.097207308 0.655485988
1773246079.395579 -0.172421023 0.002320599 0.114166006 0.053296249 -0.750444949 0.098358020 0.651396632
1773246079.428236 -0.172359407 0.002076793 0.114329368 0.051025327 -0.755936861 0.099465676 0.645029068
1773246079.468687 -0.172544748 0.002036318 0.114204042 0.052452877 -0.758851767 0.096571274 0.641924202
1773246079.495145 -0.172685981 0.002074376 0.114196524 0.053133581 -0.763352692 0.098753691 0.636173904
1773246079.535918 -0.172670498 0.001965813 0.114214964 0.052108813 -0.768014431 0.097092807 0.630881608
1773246079.562963 -0.172956184 0.002424173 0.114026293 0.056675460 -0.771132052 0.099191792 0.626341939
1773246079.596262 -0.172935188 0.002660848 0.114026807 0.058325116 -0.776378810 0.101679765 0.619270027
1773246079.634802 -0.173019096 0.002658870 0.113990285 0.059207950 -0.781124949 0.101486981 0.613219857
1773246079.661619 -0.173227355 0.002736054 0.113907292 0.060445964 -0.785846531 0.102404110 0.606881261
1773246079.701977 -0.173381805 0.002921183 0.113851599 0.062577859 -0.791411579 0.106711671 0.598635375
1773246079.729374 -0.173290104 0.003084909 0.113852851 0.064047709 -0.797308385 0.106073491 0.590716302
1773246079.767870 -0.173272029 0.003004283 0.113865659 0.064060450 -0.803787708 0.107248865 0.581652164
1773246079.795583 -0.173257440 0.002934411 0.113872841 0.063614711 -0.810146391 0.106587112 0.572935641
1773246079.828190 -0.173428029 0.002817564 0.113833256 0.063665763 -0.816479206 0.108065337 0.563586950
1773246079.868941 -0.173444092 0.002830606 0.113833219 0.065082990 -0.823412240 0.107525773 0.553348541
1773246079.896058 -0.173460156 0.002813576 0.113830909 0.065319084 -0.830150902 0.110592529 0.542542338
1773246079.938071 -0.173438549 0.002827214 0.113834798 0.065305337 -0.836972237 0.109883383 0.532107413
1773246079.962933 -0.173350066 0.002904436 0.113850459 0.065767817 -0.843617976 0.112400286 0.520912170
1773246079.995640 -0.173178315 0.003031498 0.113891676 0.066561326 -0.850781202 0.113666065 0.508744419
1773246080.034786 -0.173037514 0.003106883 0.113924161 -0.063965999 0.858251035 -0.110235654 -0.497153461
1773246080.063421 -0.173065126 0.003105760 0.113917008 -0.062673472 0.864975274 -0.110852174 -0.485388041
1773246080.101505 -0.173095167 0.003140107 0.113901772 -0.066039801 0.870493829 -0.116200611 -0.473684132
1773246080.130632 -0.173093796 0.003154965 0.113903284 -0.068739168 0.876240194 -0.118329301 -0.462034911
1773246080.169239 -0.173139900 0.003114803 0.113891467 -0.068165421 0.882101178 -0.118208028 -0.450863540
