1773839327.057660 -0.007701372 0.003794961 0.083480023 -0.004332838 0.010071708 0.001591472 0.999938607
1773839327.090572 -0.008081813 0.004636312 0.085224189 -0.003126929 0.010329145 0.001134341 0.999941111
1773839327.126610 -0.009093105 0.005177107 0.087514117 -0.003852674 0.010936459 0.001604387 0.999931455
1773839327.159602 -0.006477532 0.005885880 0.095015161 -0.002230761 0.008840677 0.000918563 0.999957979
1773839327.191370 -0.006463373 0.006650031 0.096470825 -0.002132166 0.008098060 0.001679100 0.999963522
1773839327.253675 -0.008088155 0.006196830 0.094418414 -0.002309385 0.007732265 0.001257144 0.999966621
1773839327.376895 -0.008996964 0.007057521 0.099360719 -0.002713862 -0.007306915 0.001295470 0.999968767
1773839327.391717 -0.009776562 0.007185247 0.101010010 -0.002552339 -0.013047173 0.002267229 0.999909043
1773839327.425460 -0.009447693 0.006701353 0.101254575 -0.002507262 -0.019982347 0.002012803 0.999795139
1773839327.459111 -0.010350388 0.006102836 0.102672108 -0.003302769 -0.027167318 0.002801062 0.999621511
1773839327.492361 -0.010235479 0.005751093 0.103112541 -0.003375477 -0.035215378 0.003093363 0.999369264
1773839327.525617 -0.011025320 0.005653287 0.104454860 -0.003948158 -0.043412033 0.002922094 0.999045193
1773839327.560011 -0.010948914 0.006360297 0.101900920 -0.004457639 -0.051716831 0.003534290 0.998645604
1773839327.594804 -0.011528738 0.006247156 0.107013367 -0.003289850 -0.060635313 0.003213434 0.998149395
1773839327.625669 -0.010666056 0.006555620 0.104550853 -0.003560472 -0.070108265 0.004154031 0.997524381
1773839327.659587 -0.010540729 0.006449235 0.105977423 -0.003135815 -0.080049075 0.003648922 0.996779323
1773839327.692272 -0.010960842 0.007236295 0.106932759 -0.002374317 -0.089773253 0.004011914 0.995951295
1773839327.725861 -0.010617062 0.006818203 0.108387768 -0.002946606 -0.099827185 0.004363097 0.994990885
1773839327.759929 -0.012045024 0.006820094 0.115465753 -0.003500460 -0.109245099 0.005653362 0.993992627
1773839327.792045 -0.011434646 0.006007412 0.116751648 -0.004190915 -0.119423009 0.005775467 0.992817819
1773839327.830508 -0.011979187 0.006485771 0.111436382 -0.002877515 -0.128570512 0.005593701 0.991680443
1773839327.857982 -0.012255032 0.006980315 0.112490639 -0.002177709 -0.138176531 0.005824128 0.990388095
1773839327.892692 -0.013390459 0.006686832 0.113692828 -0.002491321 -0.147167414 0.005977057 0.989090383
1773839327.931690 -0.013665017 0.006605483 0.114403956 -0.002591194 -0.156781942 0.006876289 0.987605929
1773839327.958904 -0.013090162 0.008005746 0.115340650 -0.002096607 -0.167097569 0.007283574 0.985911250
1773839327.997185 -0.013366403 0.006169933 0.116829358 -0.003013869 -0.176594540 0.007908423 0.984247267
1773839328.024570 -0.013995178 0.008613185 0.117346600 -0.000758878 -0.185910627 0.007518027 0.982537627
1773839328.064578 -0.014503192 0.006973996 0.118446283 -0.002818544 -0.195387498 0.008664183 0.980683804
1773839328.092481 -0.016254272 0.008278035 0.126524672 -0.001981094 -0.204909518 0.008660610 0.978740573
1773839328.124747 -0.016553681 0.008194569 0.127328396 -0.001657547 -0.215065539 0.009592747 0.976551116
1773839328.164224 -0.014468919 0.008239164 0.122661993 -0.001119409 -0.226781845 0.009491270 0.973898709
1773839328.193626 -0.016446918 0.009750004 0.135571778 -0.001038041 -0.237213030 0.010299323 0.971402526
1773839328.230756 -0.017386634 0.009616381 0.136567339 -0.001033004 -0.247426853 0.010340333 0.968850851
1773839328.260297 -0.016855661 0.009127050 0.138285488 -0.001587403 -0.258536935 0.011512944 0.965931475
1773839328.294255 -0.017325006 0.011137387 0.138193697 -0.000733201 -0.269277394 0.012321582 0.962983549
1773839328.334697 -0.018743828 0.011817820 0.139733911 -0.000060688 -0.279553175 0.012865125 0.960044026
1773839328.359217 -0.018799160 0.009689740 0.141300172 -0.000225294 -0.290570736 0.013019063 0.956764877
1773839328.394231 -0.018462483 0.009735911 0.142324969 -0.000452397 -0.301627576 0.013584252 0.953328907
1773839328.425718 -0.018939443 0.011738250 0.143374294 0.000654884 -0.312467903 0.013688860 0.949829459
1773839328.459493 -0.018874299 0.009452597 0.144795895 -0.000778556 -0.323199272 0.015046797 0.946210980
1773839328.495757 -0.019500382 0.009444544 0.145281941 -0.000892504 -0.333634675 0.014623158 0.942588627
1773839328.528379 -0.020515189 0.010636549 0.147339493 -0.000283320 -0.344360262 0.015694804 0.938706398
1773839328.560548 -0.019966733 0.010247327 0.148302853 -0.000022778 -0.355495870 0.016250893 0.934536576
1773839328.593763 -0.020465977 0.011037553 0.148057774 0.000400488 -0.366106987 0.017139412 0.930414796
1773839328.625892 -0.022526957 0.010030140 0.149585888 -0.000570777 -0.376469404 0.017710246 0.926259577
1773839328.661163 -0.023007311 0.009369097 0.149430096 -0.000433701 -0.387196988 0.018443860 0.921812415
1773839328.694638 -0.022576302 0.010559906 0.148861513 -0.000562336 -0.398665249 0.018187610 0.916916013
1773839328.729738 -0.022478268 0.009692670 0.150476754 -0.001246829 -0.409551620 0.019301647 0.912081897
1773839328.760755 -0.023253217 0.011248920 0.151837543 -0.000467823 -0.419987470 0.019640313 0.907317221
1773839328.793952 -0.023675598 0.011913636 0.153172791 0.000380688 -0.430169553 0.019568114 0.902535915
1773839328.829262 -0.024867900 0.010229992 0.153446019 -0.000331719 -0.439576685 0.020410551 0.897973061
1773839328.861234 -0.024186805 0.009710218 0.155761957 -0.000863949 -0.449960917 0.020229517 0.892818689
1773839328.894694 -0.025562413 0.011295618 0.155479074 -0.000143848 -0.458226770 0.021144222 0.888583779
1773839328.927145 -0.024677679 0.010817174 0.154825404 -0.000704602 -0.466924995 0.021480976 0.884035707
1773839328.960470 -0.025694616 0.012017889 0.155171275 -0.000043886 -0.474583596 0.021807309 0.879940271
1773839328.993982 -0.025427289 0.013066064 0.156965658 -0.000327168 -0.482773155 0.022311486 0.875461161
1773839329.029241 -0.027548235 0.013778804 0.156837761 0.000423386 -0.489369988 0.022678681 0.871781230
1773839329.063880 -0.029133707 0.013264696 0.156135097 -0.000565624 -0.495713860 0.022430072 0.868196011
1773839329.094508 -0.029573340 0.012253173 0.158872977 -0.000727906 -0.503695309 0.022923253 0.863576889
1773839329.127103 -0.029737402 0.015019216 0.159497768 0.000613532 -0.511436641 0.022842569 0.859017074
1773839329.161747 -0.027936395 0.012584636 0.161835492 -0.000422381 -0.519886017 0.023800667 0.853903949
1773839329.193236 -0.031079695 0.011514982 0.161550224 -0.001508162 -0.525636971 0.023861274 0.850372970
1773839329.226603 -0.030092672 0.013777997 0.162902817 -0.000287288 -0.533425808 0.024244988 0.845499277
1773839329.262315 -0.029383842 0.013229491 0.162058681 -0.000601147 -0.540118933 0.024297372 0.841237664
1773839329.296178 -0.031035919 0.012850931 0.164456293 -0.001237881 -0.546098769 0.025287783 0.837338090
1773839329.328657 -0.030468963 0.014338674 0.166561142 -0.000836925 -0.553000987 0.023833528 0.832839191
1773839329.360335 -0.030918237 0.013066230 0.165826306 -0.001188211 -0.558871984 0.024765888 0.828883171
1773839329.397193 -0.032837700 0.013520023 0.166329622 -0.001532365 -0.564029157 0.025491830 0.825359881
1773839329.427843 -0.030840740 0.013340397 0.168120593 -0.001713095 -0.570954323 0.024697607 0.820608497
1773839329.464386 -0.033516105 0.013938760 0.166819841 -0.001566429 -0.575241685 0.025414996 0.817587078
1773839329.496558 -0.033369180 0.013516275 0.167492688 -0.001322585 -0.580643654 0.025491102 0.813757598
1773839329.527217 -0.034818966 0.013020193 0.167292595 -0.002246809 -0.585256875 0.026110472 0.810424328
1773839329.561032 -0.033825524 0.011926509 0.169645250 -0.002237748 -0.591399968 0.026394917 0.805943131
1773839329.594148 -0.033646125 0.012248096 0.169043049 -0.002664594 -0.596437693 0.026908759 0.802203774
1773839329.628585 -0.035311285 0.012640406 0.168038011 -0.002025291 -0.600946844 0.027886136 0.798799813
1773839329.660522 -0.037126966 0.012094404 0.167625353 -0.002499190 -0.605440795 0.027978148 0.795394480
1773839329.694920 -0.037941489 0.012278995 0.167541459 -0.003062948 -0.609598994 0.027269552 0.792234838
1773839329.730703 -0.038806383 0.011559431 0.168217033 -0.003783227 -0.613971829 0.029071154 0.788783312
1773839329.762784 -0.037310973 0.010082779 0.170998305 -0.004722757 -0.618908107 0.027721439 0.784959853
1773839329.796464 -0.039007992 0.012384130 0.171002641 -0.004169649 -0.622372806 0.028999113 0.782172501
1773839329.828403 -0.038854111 0.010576918 0.172893792 -0.004454140 -0.626380980 0.028914280 0.778967917
1773839329.861217 -0.039954092 0.012611502 0.172021672 -0.002956271 -0.629553676 0.028801842 0.776417375
1773839329.895918 -0.041427415 0.012013710 0.170016691 -0.002991402 -0.631224096 0.028427171 0.775073588
1773839329.927381 -0.040744465 0.011986692 0.173097655 -0.003269174 -0.634910226 0.029537465 0.772014201
