1773246393.196428 -0.000238055 0.000101438 0.000264115 0.000430994 -0.024170635 0.003350881 0.999702156
1773246393.225034 -0.019742973 0.012460544 0.020041708 0.006988104 -0.014882299 0.002016096 0.999862790
1773246393.262898 -0.002680186 0.000895964 0.003105383 0.000946990 -0.020034358 0.002339826 0.999796093
1773246393.291520 -0.000280835 0.000110115 0.000311580 0.001220596 -0.018969864 0.001701003 0.999817848
1773246393.325016 -0.023699239 0.015175602 0.024713188 0.007850205 -0.006348682 0.000851825 0.999948680
1773246393.365359 -0.022122256 0.013936772 0.025716050 0.008370510 -0.004709116 0.001105622 0.999953270
1773246393.391250 -0.023492878 0.014218262 0.027034663 0.007275474 -0.001429882 0.000929953 0.999972045
1773246393.430451 -0.024883542 0.018363962 0.029080873 0.009680466 0.002722297 -0.000928281 0.999948978
1773246393.459134 -0.027844880 0.019106552 0.031599596 0.009837064 0.006712090 -0.001209478 0.999928355
1773246393.491655 -0.027818972 0.019426242 0.031770676 0.010419165 0.008891821 -0.001825214 0.999904513
1773246393.531143 -0.029887972 0.020489484 0.035364248 0.011216843 0.012495583 -0.002121364 0.999856770
1773246393.559311 -0.031296249 0.019378757 0.036475871 0.009568634 0.014222247 -0.003314582 0.999847591
1773246393.597587 -0.029302267 0.019276561 0.036788568 0.010346283 0.014264391 -0.002928630 0.999840438
1773246393.625326 -0.032066468 0.019497931 0.038241234 0.010994004 0.015964994 -0.003217747 0.999806941
1773246393.658519 -0.033374030 0.020880532 0.039876211 0.010364319 0.016754279 -0.003130955 0.999801040
1773246393.700865 -0.033167735 0.020790033 0.040169176 0.012467913 0.016190283 -0.003473723 0.999785125
1773246393.726566 -0.036602799 0.024262125 0.044096448 0.012766606 0.017258566 -0.002610422 0.999766171
1773246393.764690 -0.038437288 0.025097432 0.045767572 0.013762262 0.017621553 -0.003096627 0.999745190
1773246393.793291 -0.040451709 0.027013369 0.047629651 0.014350713 0.017704081 -0.001883495 0.999738514
1773246393.826665 -0.040091813 0.026718361 0.047753155 0.014303583 0.017133774 -0.004188227 0.999742150
1773246393.864441 -0.000385324 0.000213757 0.000783507 0.002185262 -0.001606951 -0.002837753 0.999992311
1773246393.892018 -0.000385902 0.000032444 0.001210194 0.002526218 -0.001140589 -0.003095107 0.999991357
1773246393.931693 -0.039414078 0.024210462 0.049042292 0.013187230 0.017649364 -0.003787726 0.999750078
1773246393.958739 -0.041717932 0.026105924 0.052192248 0.014825883 0.019755250 -0.003583487 0.999688506
1773246393.991790 -0.042321477 0.025789278 0.053397570 0.013979506 0.021788167 -0.004734447 0.999653637
1773246394.031806 -0.043521162 0.030129686 0.054613534 0.016573885 0.024198867 -0.004068610 0.999561489
1773246394.058662 -0.045443438 0.027101943 0.055203963 0.013778212 0.027175032 -0.005749095 0.999519169
1773246394.098798 -0.047286585 0.031746533 0.057547361 0.016495889 0.029455077 -0.006562691 0.999408424
1773246394.126337 -0.043577664 0.027704826 0.055200320 0.013861381 0.028750943 -0.006591632 0.999468744
1773246394.169557 -0.042278741 0.027004758 0.053702634 0.013398987 0.028679026 -0.006916517 0.999474943
1773246394.193009 -0.043500490 0.026778210 0.055422623 0.013616769 0.029801926 -0.007507468 0.999434829
1773246394.227105 -0.000521804 0.000263831 0.001061481 0.000967030 0.010706183 -0.006405442 0.999921679
1773246394.272974 0.000836634 -0.000205242 -0.000607725 0.000811573 0.009319932 -0.007345730 0.999929249
1773246394.293398 0.001551922 0.001030312 -0.001443131 0.001963055 0.008486160 -0.006462656 0.999941170
1773246394.337806 -0.000423560 0.001217971 0.001139555 0.000401887 0.009441363 -0.006418452 0.999934733
1773246394.361016 -0.000641583 0.001936886 0.001554623 0.002975613 0.009082940 -0.008280436 0.999920011
1773246394.394568 -0.003693983 0.002870441 0.005416631 0.000711336 0.010717143 -0.005346661 0.999927998
1773246394.433252 -0.046578091 0.028056931 0.051666982 0.013343836 0.029677076 -0.009053887 0.999429464
1773246394.461321 -0.048741814 0.026937805 0.054946903 0.012282688 0.030915605 -0.008578840 0.999409735
1773246394.504644 -0.048229255 0.025893101 0.054480501 0.011670540 0.029927226 -0.008920512 0.999444127
1773246394.530870 -0.046745364 0.025151800 0.052416395 0.011352059 0.029554730 -0.008852266 0.999459505
1773246394.561552 -0.045295659 0.025713542 0.050530866 0.012500605 0.028348558 -0.008657170 0.999482453
1773246394.599497 -0.045562878 0.026613789 0.051225290 0.012311296 0.030357651 -0.008038756 0.999430954
1773246394.626674 -0.045087669 0.026818072 0.050613631 0.013601302 0.030279130 -0.009519417 0.999403596
1773246394.669846 -0.042589638 0.024672013 0.048746377 0.011571468 0.029233743 -0.008135092 0.999472499
1773246394.693389 -0.044393033 0.024199076 0.051422689 0.013157911 0.029677672 -0.008914640 0.999433160
1773246394.727629 -0.040966477 0.023990326 0.046401832 0.010858256 0.028144591 -0.008182618 0.999511361
1773246394.772227 -0.042021826 0.024753470 0.048011545 0.013633549 0.027928554 -0.008797575 0.999478221
1773246394.793606 -0.044153236 0.025979752 0.052182242 0.010969546 0.027588375 -0.008933511 0.999519289
1773246394.834482 -0.044539694 0.025908669 0.053082507 0.012318069 0.027646214 -0.009248110 0.999499083
1773246394.859721 -0.044971418 0.024708113 0.053650644 0.010334235 0.027257673 -0.008557665 0.999538362
1773246394.895207 -0.043566618 0.022817288 0.052464284 0.007905449 0.025917251 -0.007989090 0.999600887
1773246394.936020 -0.043924935 0.022699114 0.053012345 0.008660988 0.025876669 -0.008896663 0.999588013
1773246394.962100 -0.040808525 0.019942207 0.047524642 0.007781876 0.025691897 -0.008089842 0.999606907
1773246395.001226 -0.040019874 0.019172771 0.047070395 0.007162557 0.024448367 -0.008756733 0.999637067
1773246395.028253 -0.040173870 0.016383160 0.047735430 0.006057057 0.024366524 -0.009565305 0.999638975
1773246395.059793 -0.040801730 0.016184965 0.048830576 0.005049240 0.024887713 -0.008185877 0.999643981
1773246395.099233 -0.041929882 0.017062290 0.050298821 0.005976188 0.025867416 -0.009113262 0.999605954
1773246395.126939 -0.043244027 0.019252660 0.051879905 0.006301621 0.026868837 -0.009111077 0.999577582
1773246395.165900 -0.044557482 0.020432431 0.053723279 0.007579760 0.028223529 -0.009298299 0.999529660
1773246395.194202 -0.044581164 0.025987264 0.055589519 0.010392743 0.028311089 -0.008915198 0.999505401
1773246395.228175 -0.045574095 0.029296422 0.056577105 0.013626020 0.028736290 -0.009039327 0.999453306
1773246395.266468 -0.045357946 0.029261390 0.057176352 0.011578750 0.028214917 -0.008952982 0.999494731
1773246395.293565 -0.045828663 0.029681565 0.057765983 0.014170730 0.027979646 -0.009701016 0.999460995
1773246395.334301 -0.043744311 0.029412968 0.055844095 0.013231169 0.027284687 -0.008579821 0.999503314
1773246395.360651 -0.044126958 0.029823896 0.056832373 0.014717095 0.027899677 -0.011034413 0.999441445
1773246395.395657 -0.043048169 0.029611031 0.056562614 0.013600947 0.027701328 -0.008503804 0.999487519
1773246395.435507 -0.042477094 0.029744470 0.056728177 0.014500662 0.028153373 -0.008170625 0.999465048
1773246395.461307 -0.042604852 0.029724523 0.056447238 0.014620449 0.029908428 -0.009670183 0.999398947
1773246395.500129 -0.044565998 0.030153656 0.058874652 0.014703729 0.032612979 -0.009128060 0.999318182
1773246395.528638 -0.041351657 0.028393857 0.057184573 0.013766070 0.031549532 -0.009531420 0.999361932
1773246395.561647 -0.049808908 0.032998282 0.058784209 0.017074246 0.039416328 -0.010979433 0.999016643
1773246395.599097 -0.052200217 0.033385523 0.060718391 0.016780505 0.043298367 -0.013098418 0.998835385
1773246395.627895 -0.049652964 0.031656500 0.059661530 0.015924225 0.044726860 -0.012322991 0.998796284
1773246395.665704 -0.052495316 0.033876888 0.063300185 0.016770381 0.049364083 -0.013274267 0.998551786
1773246395.694947 -0.057278685 0.032053150 0.062945351 0.016109612 0.054988079 -0.014157750 0.998256683
1773246395.733643 -0.057713278 0.032888040 0.064024061 0.015026622 0.056175396 -0.014326033 0.998205006
1773246395.761233 -0.056168303 0.036029425 0.063971087 0.020369845 0.055432826 -0.015029555 0.998141468
1773246395.795500 -0.057303302 0.034886904 0.064838305 0.016913965 0.055673219 -0.012115508 0.998232245
1773246395.834129 -0.059810847 0.033063248 0.067542925 0.016517669 0.057219125 -0.014695129 0.998116791
1773246395.860721 -0.062300503 0.032756127 0.067617670 0.015918486 0.058227744 -0.014055651 0.998077452
1773246395.901349 -0.060160588 0.037659567 0.067086749 0.020711284 0.054788165 -0.015230369 0.998166978
1773246395.929325 -0.055417456 0.034229312 0.068523191 0.017863818 0.047242220 -0.013238120 0.998635948
1773246395.962381 -0.064550743 0.035858326 0.069306910 0.021626392 0.052917883 -0.014350044 0.998261511
1773246396.000776 -0.064502113 0.036426321 0.070361756 0.020278890 0.050582185 -0.013151258 0.998427391
1773246396.028821 -0.059479054 0.032500170 0.061598662 0.020430507 0.045504704 -0.013205343 0.998667896
1773246396.061155 -0.059544921 0.032008134 0.061493084 0.017210584 0.042686533 -0.012197422 0.998865783
1773246396.100356 -0.068361253 0.037752103 0.067219526 0.023987768 0.048090111 -0.014881244 0.998444021
1773246396.129166 -0.070249274 0.038235329 0.069273986 0.022926770 0.047568947 -0.012779445 0.998522997
1773246396.167714 -0.063482046 0.038376004 0.063740961 0.024773905 0.041571505 -0.013833256 0.998732567
1773246396.195086 -0.066323876 0.037322849 0.066216134 0.023580791 0.042629957 -0.012330699 0.998736501
1773246396.228877 -0.069064327 0.039120018 0.068328500 0.023715904 0.044724580 -0.012915065 0.998634279
1773246396.266800 -0.064425796 0.036318574 0.062092379 0.024621077 0.043482661 -0.015085332 0.998636782
1773246396.296733 -0.062649354 0.033628926 0.060872763 0.021706907 0.042377468 -0.011846306 0.998795569
1773246396.335635 -0.064535610 0.035482552 0.062767006 0.023362221 0.044921406 -0.014218693 0.998616099
1773246396.362051 -0.065883383 0.035830829 0.059750810 0.023276007 0.047606099 -0.015064477 0.998481333
1773246396.395302 -0.067090794 0.036913212 0.061225794 0.023875279 0.049946811 -0.014860764 0.998355865
1773246396.434887 -0.068761200 0.039622936 0.071439303 0.025028486 0.049854118 -0.014355902 0.998339653
1773246396.462484 -0.068373404 0.035479046 0.063215174 0.022424994 0.054091841 -0.015476977 0.998164177
1773246396.502577 -0.066218242 0.037989229 0.063255876 0.026774388 0.053139329 -0.013739740 0.998133540
1773246396.529175 -0.069039941 0.040219422 0.072653696 0.024452357 0.053541809 -0.012620821 0.998186409
1773246396.564065 -0.066051014 0.036899589 0.060529076 0.026083291 0.054523047 -0.016393421 0.998037159
1773246396.609313 -0.065890320 0.035220437 0.061499275 0.023574894 0.053457413 -0.014773957 0.998182476
1773246396.628973 -0.065816894 0.037026502 0.061109800 0.025654310 0.051866889 -0.015043499 0.998211086
1773246396.668673 -0.065624565 0.037123684 0.061307885 0.026194960 0.050019108 -0.015002839 0.998291969
1773246396.696856 -0.064685799 0.035248872 0.055827960 0.026188685 0.051002722 -0.014560265 0.998248875
1773246396.729080 -0.064586870 0.035531674 0.055639718 0.025496416 0.050138466 -0.015608842 0.998294771
1773246396.768841 -0.068402693 0.040055234 0.062425375 0.029443173 0.051285677 -0.015840570 0.998124242
1773246396.796698 -0.069912665 0.039939348 0.062903687 0.029004907 0.052877508 -0.017030761 0.998034358
1773246396.837088 -0.063635454 0.036911890 0.054044321 0.030089272 0.053951789 -0.018631727 0.997916162
1773246396.862182 -0.064792760 0.037971891 0.054523416 0.032244749 0.056494039 -0.018429631 0.997711897
1773246396.895867 -0.067510106 0.039379966 0.059346594 0.031775922 0.059455898 -0.018869476 0.997546613
1773246396.938955 -0.066204756 0.039291244 0.059141472 0.033582948 0.060103383 -0.021055827 0.997404814
1773246396.963925 -0.065669954 0.037003763 0.056550942 0.030635893 0.063459545 -0.019160694 0.997330010
1773246397.003901 -0.063522257 0.037547942 0.055566907 0.032455303 0.063426696 -0.021590922 0.997224927
1773246397.030733 -0.062317289 0.036926430 0.055166639 0.031644858 0.066981114 -0.020775953 0.997035861
1773246397.063578 -0.062593974 0.037757635 0.055598389 0.034296490 0.070287481 -0.023683576 0.996655643
1773246397.103652 -0.060085721 0.034975216 0.052973844 0.031304520 0.072393812 -0.021492679 0.996653020
1773246397.130651 -0.062012285 0.035329085 0.054626770 0.034126952 0.077028021 -0.022353766 0.996193945
1773246397.169071 -0.056900602 0.034272090 0.051438235 0.035215154 0.077131197 -0.021875419 0.996158659
1773246397.196695 -0.058541376 0.033893015 0.052493080 0.035480153 0.079615273 -0.021883164 0.995953679
1773246397.229661 -0.058289442 0.033969328 0.052892361 0.034604494 0.080015212 -0.020635365 0.995979071
1773246397.268815 -0.056434404 0.036113903 0.052908286 0.037640397 0.077886872 -0.024803020 0.995942593
1773246397.296419 -0.058464009 0.034040969 0.054291092 0.033801414 0.080588996 -0.020938266 0.995954037
1773246397.336623 -0.054852173 0.031176766 0.049236976 0.033158518 0.079358533 -0.020204986 0.996089578
1773246397.363794 -0.055098005 0.033272345 0.050241940 0.035908993 0.079222776 -0.022401476 0.995958030
1773246397.396357 -0.054876551 0.032300532 0.050869316 0.034105085 0.077904657 -0.022470955 0.996123850
1773246397.440200 -0.059863940 0.038454123 0.057006940 0.039139654 0.080081500 -0.025832256 0.995684564
1773246397.463561 -0.059800200 0.038195245 0.057346243 0.035707999 0.078761287 -0.023814525 0.995969117
1773246397.505002 -0.053762827 0.031044863 0.048318382 0.032248404 0.076270565 -0.022325991 0.996315420
1773246397.531118 -0.054386750 0.031670690 0.048902515 0.032933209 0.076036051 -0.022888400 0.996298134
1773246397.563495 -0.055074159 0.031242210 0.049919315 0.032497481 0.077716552 -0.021825518 0.996206701
1773246397.602553 -0.054848135 0.031061331 0.050161313 0.031118395 0.078128874 -0.020611696 0.996244311
1773246397.630059 -0.052015476 0.029413998 0.046800829 0.031801619 0.077067152 -0.021847246 0.996279061
1773246397.671783 -0.051769320 0.030532679 0.047649965 0.031630825 0.078463189 -0.020562697 0.996202886
1773246397.697434 -0.046089157 0.026849585 0.042162891 0.030923262 0.077385888 -0.022881391 0.996258795
1773246397.731465 -0.045885228 0.026972288 0.042779997 0.030463640 0.078469768 -0.021156032 0.996226311
1773246397.769936 -0.043129534 0.024259098 0.039399225 0.024798963 0.080158800 -0.019175155 0.996289074
1773246397.797668 -0.043331467 0.024430085 0.039655712 0.028056161 0.081693351 -0.023187650 0.995992661
1773246397.835224 -0.048173804 0.027451890 0.044735886 0.030239495 0.086001545 -0.021611307 0.995601475
1773246397.863809 -0.049473450 0.028675880 0.046317354 0.029215060 0.088476203 -0.024342882 0.995352149
1773246397.898037 -0.044795960 0.025518252 0.041840047 0.029248130 0.085239559 -0.023067165 0.995663941
1773246397.939194 -0.043943699 0.026200444 0.041907106 0.027329739 0.082987651 -0.020455595 0.995965719
1773246397.965341 -0.035908293 0.021044437 0.035186782 0.025373871 0.076977395 -0.022455854 0.996456921
1773246398.004016 -0.036244843 0.021471459 0.035559095 0.023940211 0.075704329 -0.022737300 0.996583521
1773246398.030690 -0.040392291 0.023738271 0.038771000 0.025840141 0.076923601 -0.023095943 0.996434450
1773246398.065041 -0.040561788 0.024310140 0.039413169 0.026537022 0.075982772 -0.022568347 0.996500432
1773246398.102636 -0.037899017 0.021838503 0.035900686 0.024132824 0.072455503 -0.023044506 0.996813297
1773246398.132186 -0.037995823 0.023247138 0.035987873 0.026504826 0.071838588 -0.022230800 0.996816158
1773246398.173069 -0.030736502 0.018251235 0.031863116 0.022454100 0.064868338 -0.022160219 0.997395039
1773246398.198067 -0.030961739 0.018227482 0.032037344 0.021692142 0.065969005 -0.022947287 0.997321904
1773246398.231009 -0.030875094 0.018934101 0.032431163 0.023938021 0.066850625 -0.022146238 0.997229934
1773246398.270801 -0.001532337 0.000961461 0.004683086 -0.005671454 0.011726419 -0.013924816 0.999818206
1773246398.298360 -0.001417393 0.001314019 0.004924882 -0.005393118 0.014123457 -0.014136045 0.999785781
1773246398.337829 -0.001405138 0.000880077 0.004428927 -0.005186622 0.015864570 -0.014189749 0.999759972
1773246398.363634 -0.002421885 0.002168938 0.004758547 -0.003234409 0.019786384 -0.014578578 0.999692678
1773246398.398425 -0.031129476 0.018208764 0.033248082 0.027184570 0.080698617 -0.024479533 0.996066988
1773246398.437735 -0.031382158 0.017858068 0.033733245 0.024400525 0.084228903 -0.023676861 0.995866239
1773246398.465465 -0.028521447 0.016405057 0.030331329 0.026670888 0.084313527 -0.025290463 0.995761156
1773246398.504325 -0.028572537 0.016446158 0.031058351 0.026497029 0.087289758 -0.024328308 0.995533288
1773246398.531874 -0.029270604 0.016319228 0.031294189 0.026660228 0.090742379 -0.024608722 0.995213270
1773246398.564861 -0.029449724 0.016164128 0.031666942 0.026535718 0.092980027 -0.024057746 0.995023549
1773246398.604255 -0.001444784 0.000895253 0.004692769 -0.002083344 0.032118130 -0.016518340 0.999345422
1773246398.632233 -0.002075805 0.001156544 0.004948394 -0.000622952 0.034074068 -0.016147073 0.999288678
1773246398.670860 -0.002184650 0.001887250 0.005277059 0.001373728 0.034340192 -0.016291514 0.999276459
1773246398.698893 -0.002433404 0.001952866 0.005311626 0.001475178 0.034123477 -0.015869558 0.999290526
1773246398.732421 -0.027340923 0.015957380 0.029347567 0.030541055 0.094721638 -0.026136380 0.994691908
1773246398.772944 -0.026846403 0.015661558 0.029566012 0.029964231 0.092842780 -0.026305089 0.994882107
1773246398.798425 -0.026740052 0.015872510 0.029149732 0.031352650 0.093364865 -0.026381655 0.994788408
1773246398.836586 -0.028131049 0.016400825 0.030214045 0.032307480 0.093776152 -0.026324153 0.994720697
1773246398.865087 -0.027918702 0.016363129 0.030398831 0.032046881 0.092704028 -0.025089778 0.994861543
1773246398.899026 -0.027403941 0.016082270 0.030206807 0.032346062 0.092389323 -0.025726877 0.994864881
1773246398.937829 -0.027413230 0.016104119 0.030241434 0.032621406 0.091347158 -0.025215499 0.994965196
1773246398.966418 -0.027546737 0.015976828 0.030510010 0.033054497 0.090155154 -0.024903644 0.995067477
1773246399.007323 -0.026306855 0.016113538 0.029163955 0.034370109 0.089271195 -0.026101112 0.995071888
1773246399.032360 -0.026516574 0.015583964 0.029329298 0.032873079 0.088700362 -0.026228225 0.995170176
1773246399.066762 -0.026235508 0.015398341 0.029115530 0.030520966 0.087386131 -0.025186187 0.995388269
1773246399.106411 -0.026284788 0.015716219 0.029428508 0.033396266 0.087489948 -0.026408024 0.995255172
1773246399.131948 -0.026857408 0.016218545 0.029866565 0.032385405 0.089359805 -0.025528150 0.995145380
1773246399.169961 -0.027754305 0.016690459 0.030679226 0.035623472 0.091967195 -0.026922302 0.994760394
1773246399.198490 -0.027293010 0.016303761 0.030668154 0.033753321 0.090792179 -0.026134195 0.994954526
1773246399.231923 -0.026699578 0.016417658 0.030402785 0.033489298 0.090442702 -0.025251608 0.995018065
1773246399.275993 -0.026711609 0.016566049 0.030460201 0.034918316 0.090209879 -0.028324742 0.994907320
1773246399.299683 -0.026751267 0.016519034 0.030570906 0.033749066 0.090194374 -0.028649185 0.994939804
1773246399.340244 -0.024724778 0.015462278 0.028918760 0.033471920 0.087293215 -0.027606539 0.995237350
1773246399.365966 -0.024603782 0.015330945 0.029132582 0.032667503 0.087121882 -0.026050871 0.995321035
1773246399.398643 -0.026050076 0.016239021 0.030599827 0.033017855 0.089215085 -0.027477574 0.995085657
1773246399.437989 -0.026583482 0.016759854 0.031165497 0.034407392 0.091436401 -0.029005120 0.994793534
1773246399.466667 -0.002025851 0.001359595 0.006832140 -0.002007715 0.023659481 -0.016133172 0.999587893
1773246399.505270 -0.001952793 0.001424621 0.007017533 -0.001629429 0.022546055 -0.016008686 0.999616325
1773246399.533469 -0.002412561 0.001643896 0.007373013 -0.001385660 0.022934362 -0.017240640 0.999587357
1773246399.566858 -0.005248866 0.004358531 0.010337887 0.005396027 0.029974714 -0.018479643 0.999365270
1773246399.608635 -0.005482033 0.004578137 0.010546203 0.005666941 0.029884018 -0.017805705 0.999378681
1773246399.631841 -0.005534283 0.003609000 0.010461174 0.004074346 0.029578757 -0.018035688 0.999391437
1773246399.674109 -0.005901160 0.004103748 0.010615006 0.002762317 0.030295074 -0.016869009 0.999394774
1773246399.700609 -0.006246666 0.004805724 0.011284320 0.006467793 0.031375859 -0.018185435 0.999321222
1773246399.733329 -0.006128517 0.004903035 0.011045522 0.005329012 0.030392280 -0.015836403 0.999398351
1773246399.772049 -0.005863868 0.004643613 0.011238915 0.006213902 0.030721756 -0.016483009 0.999372721
1773246399.800773 -0.005923993 0.004794572 0.011259465 0.005190855 0.030519068 -0.015336106 0.999403059
1773246399.839472 -0.005921828 0.004836258 0.011354009 0.006395283 0.029554142 -0.015725069 0.999419034
1773246399.866248 -0.005794378 0.004782843 0.011244706 0.005097633 0.028660191 -0.014520803 0.999470770
1773246399.898961 -0.005251570 0.004420249 0.011033247 0.005798581 0.027278997 -0.014835769 0.999500930
1773246399.939154 -0.005014386 0.004227536 0.010891767 0.004863622 0.026307151 -0.012351390 0.999565780
1773246399.965628 -0.005364227 0.004502265 0.011324679 0.006076397 0.028530510 -0.013270566 0.999486387
1773246400.012176 -0.004931651 0.004464297 0.010946705 0.006424291 0.027704835 -0.011186587 0.999532878
1773246400.034161 -0.004925015 0.004457210 0.010942604 0.006961748 0.028083801 -0.010105154 0.999530256
1773246400.072763 -0.004920109 0.004465399 0.010952976 0.007520596 0.028870879 -0.010145815 0.999503374
1773246400.100233 -0.005025219 0.004548381 0.011273576 0.006817782 0.030199809 -0.010133442 0.999469280
1773246400.132664 -0.005171095 0.004680996 0.011555090 0.007133602 0.031561919 -0.010800418 0.999418020
1773246400.172416 -0.005207547 0.004649099 0.011678977 0.006795818 0.031974494 -0.008751029 0.999427259
1773246400.200708 -0.005342091 0.004728084 0.011934936 0.007438428 0.032592334 -0.009420974 0.999396622
1773246400.239685 -0.005336264 0.004737029 0.011967829 0.006674914 0.032671016 -0.009503560 0.999398649
1773246400.266425 -0.005408747 0.004778045 0.011932386 0.007740553 0.033150300 -0.008745584 0.999382138
1773246400.299410 -0.005465805 0.004819402 0.012068359 0.006713333 0.032346170 -0.008223039 0.999420345
1773246400.339854 -0.005490854 0.004831163 0.012144657 0.007367779 0.031394094 -0.008247063 0.999445915
1773246400.367415 -0.005492363 0.004857385 0.012219611 0.006568047 0.030527830 -0.007001618 0.999487817
1773246400.406879 -0.005440432 0.004841933 0.012215619 0.007993223 0.029277248 -0.006547718 0.999517918
1773246400.433591 -0.005669413 0.004962112 0.012571505 0.008059964 0.029436883 -0.007610438 0.999505162
1773246400.467641 -0.004582462 0.004315469 0.011310985 0.007622760 0.027140046 -0.007562646 0.999573946
1773246400.506555 -0.004596360 0.004320179 0.011360887 0.008527760 0.026940530 -0.008027020 0.999568403
1773246400.532844 -0.004599135 0.004326730 0.011413330 0.008841780 0.026668448 -0.007923480 0.999573827
1773246400.573081 -0.004625034 0.004370504 0.011561139 0.009547861 0.026359055 -0.006867967 0.999583364
1773246400.599862 -0.004628649 0.004381220 0.011611053 0.009209845 0.026761157 -0.007553838 0.999570906
1773246400.634197 -0.004706171 0.004441524 0.011788641 0.010813707 0.026556306 -0.005600459 0.999573112
1773246400.672350 -0.004718179 0.004439503 0.011876128 0.010657072 0.026397912 -0.005936306 0.999577105
1773246400.701553 -0.004747062 0.004466908 0.011985658 0.011287251 0.026151648 -0.007047542 0.999569416
1773246400.739302 -0.004823081 0.004526595 0.012154499 0.012004606 0.026057949 -0.005552799 0.999572933
1773246400.768465 -0.004829702 0.004546059 0.012213286 0.011801338 0.025173698 -0.005358057 0.999599040
1773246400.800933 -0.004836833 0.004556049 0.012277352 0.012098609 0.024473993 -0.005007018 0.999614716
1773246400.839719 -0.004897229 0.004612075 0.012436471 0.011812698 0.024266878 -0.003739914 0.999628723
1773246400.868519 -0.004954416 0.004649049 0.012560726 0.012537728 0.023482362 -0.003770494 0.999638557
1773246400.907143 -0.004946116 0.004659467 0.012614289 0.011900121 0.022388056 -0.003297216 0.999673069
1773246400.934362 -0.004961746 0.004671072 0.012685686 0.012560625 0.022436157 -0.005011625 0.999656796
1773246400.967741 -0.005049340 0.004731720 0.012863180 0.012781081 0.022716446 -0.003434821 0.999654353
1773246401.005514 -0.004791634 0.004633981 0.012318195 0.012575538 0.022168754 -0.003955435 0.999667346
1773246401.034482 -0.004814833 0.004648285 0.012386323 0.013190242 0.022991747 -0.004940031 0.999636471
1773246401.073021 -0.004925192 0.004722424 0.012611149 0.013128519 0.023995265 -0.003626920 0.999619305
1773246401.101653 -0.004967815 0.004752796 0.012714603 0.013844918 0.024886198 -0.004278116 0.999585271
1773246401.135021 -0.004991503 0.004778854 0.012803342 0.013579158 0.025830885 -0.004250320 0.999565065
1773246401.174657 -0.005004962 0.004800421 0.012871609 0.014833135 0.026311038 -0.003600111 0.999537289
1773246401.201713 -0.004963811 0.004779167 0.012828914 0.014779969 0.027288025 -0.003765244 0.999511242
1773246401.239817 -0.004971536 0.004786889 0.012876666 0.015250319 0.028757872 -0.004384912 0.999460399
1773246401.268361 -0.004947976 0.004795280 0.012871021 0.015175025 0.029510101 -0.004237655 0.999440312
1773246401.307498 -0.005077356 0.004879283 0.013133104 0.015742054 0.030493559 -0.003108940 0.999406159
1773246401.335508 -0.005205663 0.004976504 0.013406974 0.015212113 0.032267518 -0.005178294 0.999350071
1773246401.367172 -0.005146157 0.004944719 0.013340313 0.016190298 0.031573102 -0.004686472 0.999359310
1773246401.406749 -0.003853630 0.003427022 0.011244508 0.010202197 0.026429730 -0.001475523 0.999597490
1773246401.434349 -0.003877527 0.003444244 0.011312779 0.012147783 0.025791146 -0.001854119 0.999591827
1773246401.475830 -0.004971734 0.004598523 0.012806353 0.014338055 0.030407986 -0.004500431 0.999424577
1773246401.500784 -0.005019980 0.004640616 0.012924180 0.016781025 0.029473461 -0.004657524 0.999413848
1773246401.535403 -0.005075614 0.004678974 0.013046384 0.017167043 0.028659794 -0.003916332 0.999434114
1773246401.574669 -0.005080579 0.004680217 0.013064287 0.017478816 0.026107898 -0.004138033 0.999497771
1773246401.601846 -0.005127359 0.004715323 0.013167619 0.016379599 0.024744201 -0.004768539 0.999548256
1773246401.640638 -0.005155476 0.004738949 0.013234703 0.016078148 0.021846842 -0.005036149 0.999619365
1773246401.668320 -0.005181395 0.004760753 0.013293732 0.015198356 0.019287882 -0.003123289 0.999693573
1773246401.702848 -0.003948984 0.003436164 0.011697754 0.012954452 0.011071739 -0.001429910 0.999853790
1773246401.743436 -0.003939677 0.003434575 0.011699763 0.012602342 0.008803048 0.000687930 0.999881625
1773246401.769415 -0.003932512 0.003428521 0.011698798 0.012052707 0.006493002 0.001232154 0.999905527
1773246401.806602 -0.003618593 0.002794570 0.011901398 0.009060067 0.002905417 0.003161988 0.999949753
1773246401.835536 -0.003600334 0.002784156 0.011890145 0.008808383 0.000553769 0.004024405 0.999952912
1773246401.869292 -0.003627475 0.002802498 0.011938854 0.008241506 0.000100724 0.004051084 0.999957800
1773246401.908057 -0.002426924 0.001623877 0.008477824 0.002088136 -0.005511875 0.002981422 0.999978185
1773246401.934544 -0.002521669 0.001688035 0.008639771 0.002707977 -0.004774664 0.002631843 0.999981463
1773246401.974341 -0.002567541 0.001720637 0.008721876 0.001664200 -0.003754362 0.002192507 0.999989152
1773246402.001988 -0.002341926 0.001873643 0.008653370 0.003212272 -0.003216739 0.001709888 0.999988198
1773246402.035814 -0.003527992 0.002855394 0.011967822 0.006434666 0.004280178 0.001898555 0.999968350
1773246402.074381 -0.003438470 0.002877130 0.011910526 0.007724151 0.005029046 0.001541016 0.999956310
1773246402.102576 -0.003410524 0.002766371 0.011716275 0.005764310 0.006199344 0.000765174 0.999963880
1773246402.141771 -0.002829811 0.002739341 0.011834837 0.006185899 0.003433655 0.001548876 0.999973774
1773246402.168952 -0.003483146 0.002873263 0.012018025 0.006387047 0.007471403 0.000322096 0.999951661
1773246402.202235 -0.003302147 0.002676240 0.011598113 0.005224605 0.006189084 -0.000479275 0.999967039
1773246402.242737 -0.003390530 0.002767327 0.011525998 0.005572329 0.005679528 0.000847420 0.999967992
1773246402.269485 -0.003452383 0.003024788 0.012096804 0.007137273 0.006360015 0.001131005 0.999953628
1773246402.310564 -0.002941634 0.002337584 0.011033298 0.003322359 0.003355434 0.001900546 0.999987006
1773246402.335790 -0.002939255 0.002301207 0.011064523 0.000822433 0.004540513 0.001040033 0.999988794
1773246402.369265 -0.002960570 0.002354114 0.011153162 0.000606611 0.004585477 0.000486727 0.999989152
1773246402.410500 -0.002742051 0.002169869 0.010532616 -0.001370491 0.004576887 0.000215315 0.999988556
1773246402.435224 -0.002670070 0.002165577 0.010522446 -0.000103876 0.004489320 -0.000414775 0.999989808
1773246402.474483 -0.002745143 0.002166139 0.010660149 -0.001072955 0.005607128 0.000227440 0.999983668
1773246402.503942 -0.002671677 0.002160050 0.010619584 -0.000930804 0.005205718 0.000145679 0.999985993
1773246402.536936 -0.002696648 0.002180067 0.010692530 -0.000453079 0.004983753 -0.000027827 0.999987483
1773246402.575148 -0.002387286 0.001744001 0.009206975 -0.001935377 0.003361166 0.001472761 0.999991417
1773246402.603734 -0.002381654 0.001744827 0.009261853 -0.001217424 0.002969217 0.001107776 0.999994218
1773246402.647336 -0.002370238 0.001767010 0.009300210 -0.001639502 0.003159300 0.002206297 0.999991238
1773246402.669693 -0.002365386 0.001770092 0.009339101 -0.001111719 0.003356108 0.002167332 0.999991417
1773246402.703544 -0.002367515 0.001780672 0.009395959 -0.000483867 0.003000661 0.001897333 0.999993563
1773246402.746741 -0.002374128 0.001787952 0.009450777 -0.000066854 0.002784750 0.001730307 0.999994636
1773246402.770285 -0.002371287 0.001799158 0.009500120 0.000007835 0.002639788 0.002290801 0.999993920
1773246402.808737 -0.002381749 0.001780698 0.009458690 -0.000640554 0.002769694 0.001258155 0.999995172
1773246402.835488 -0.002371795 0.001769829 0.009501862 -0.000195433 0.002241012 0.000084938 0.999997437
1773246402.870751 -0.002386432 0.001783543 0.009565745 -0.000716598 0.003147437 0.000954806 0.999994338
1773246402.913849 -0.002383512 0.001782560 0.009619078 0.000552289 0.003270489 -0.000388945 0.999994457
1773246402.936298 -0.002367883 0.001802190 0.009641040 -0.000675163 0.003336055 0.000526056 0.999994040
1773246402.974667 -0.002369062 0.001804081 0.009634390 0.001234485 0.003998735 -0.001180560 0.999990523
1773246403.004399 -0.002378348 0.001808743 0.009692576 0.000508040 0.004972749 -0.000387244 0.999987423
1773246403.038322 -0.002366265 0.001806081 0.009721540 0.000476635 0.006004393 -0.002235802 0.999979317
1773246403.075709 -0.002367282 0.001820907 0.009767328 0.001979959 0.006332906 -0.001030731 0.999977469
1773246403.102949 -0.002359323 0.001818414 0.009790966 0.000986901 0.006534453 -0.001541102 0.999976993
1773246403.144826 -0.002360746 0.001833192 0.009834269 0.002364620 0.007049953 -0.001118688 0.999971747
1773246403.170044 -0.002362837 0.001834844 0.009886335 0.001273787 0.006822561 -0.001255217 0.999975145
1773246403.204815 -0.002354658 0.001838388 0.009915336 0.000938821 0.006631771 -0.001352137 0.999976635
1773246403.242712 -0.002364479 0.001845000 0.009928304 0.001261410 0.005414524 -0.000502490 0.999984384
1773246403.270157 -0.002364142 0.001855968 0.009968503 0.002344039 0.004202405 0.000316651 0.999988377
1773246403.310185 -0.002367868 0.001860285 0.010010848 0.000854315 0.003551104 0.000671596 0.999993086
1773246403.337874 -0.002360017 0.001863532 0.010035559 0.002658628 0.002900669 -0.000143431 0.999992251
1773246403.370186 -0.002365071 0.001867924 0.010082108 0.001813339 0.002021505 0.000933165 0.999995887
1773246403.409787 -0.002362569 0.001864493 0.010111944 0.003006401 0.001763271 -0.000226866 0.999993920
1773246403.437963 -0.002370920 0.001884869 0.010174748 0.002102103 0.001647902 0.001513061 0.999995291
1773246403.476307 -0.002371527 0.001890625 0.010214967 0.003341742 0.001506924 0.000744570 0.999992967
1773246403.503983 -0.002376967 0.001899043 0.010257986 0.002524357 0.001570505 0.001270233 0.999994755
1773246403.538380 -0.002373677 0.001906049 0.010292221 0.002265416 0.001911505 0.001577055 0.999994338
1773246403.576701 -0.002359150 0.001888425 0.010274760 0.002668283 0.001670230 0.000138183 0.999994993
1773246403.604169 -0.002343937 0.001887887 0.010294889 0.003501048 0.001634791 0.000467138 0.999992430
1773246403.645948 -0.002369298 0.001909293 0.010405012 0.003645008 0.002237214 0.001371642 0.999989867
1773246403.670522 -0.002374520 0.001922881 0.010449796 0.005335741 0.003133901 0.000565319 0.999980688
1773246403.703222 -0.002355907 0.001910236 0.010425657 0.002677743 0.003547183 0.000515741 0.999989986
1773246403.744126 -0.002371999 0.001914379 0.010483776 0.004013739 0.004459617 0.000063612 0.999981999
1773246403.772017 -0.002366517 0.001928385 0.010510443 0.003111231 0.005006360 0.000967352 0.999982178
1773246403.811309 -0.002371184 0.001928668 0.010560900 0.004234628 0.005954067 -0.001446612 0.999972284
1773246403.838478 -0.002356590 0.001929877 0.010593712 0.003426268 0.006198753 -0.000359610 0.999974847
1773246403.870796 -0.002351543 0.001937895 0.010624134 0.004207074 0.007269216 -0.000392235 0.999964595
1773246403.909386 -0.002341854 0.001935810 0.010643020 0.003344351 0.007889643 -0.001470243 0.999962151
1773246403.939275 -0.002352795 0.001960441 0.010695360 0.003138442 0.009352914 -0.001127483 0.999950647
1773246403.977364 -0.002337528 0.001951058 0.010723282 0.003632428 0.008997714 -0.001689818 0.999951482
1773246404.005275 -0.002342551 0.001966796 0.010768648 0.003157453 0.009273017 -0.000909052 0.999951601
1773246404.038047 -0.002337171 0.001955328 0.010750819 0.003103521 0.008642461 -0.000542453 0.999957681
1773246404.076600 -0.002344035 0.001962486 0.010798147 0.003365671 0.008618694 -0.000585680 0.999957025
1773246404.104833 -0.002346356 0.001965416 0.010832174 0.003585584 0.008234920 -0.000257417 0.999959648
1773246404.143892 -0.002335733 0.001962474 0.010852778 0.004034874 0.007042059 0.000288851 0.999967039
1773246404.170610 -0.002331226 0.001987757 0.010884644 0.003530068 0.006353211 0.000810532 0.999973238
1773246404.205685 -0.002345278 0.001975910 0.010936423 0.003116106 0.006138062 0.000075697 0.999976277
1773246404.243790 -0.002334295 0.001995886 0.010974681 0.003468318 0.005535470 0.000707747 0.999978423
1773246404.272523 -0.002339629 0.001995496 0.011013792 0.002698942 0.004870767 0.001321909 0.999983609
1773246404.311682 -0.002325463 0.001991523 0.011033230 0.004062234 0.004620993 0.002398884 0.999978125
1773246404.338772 -0.002317917 0.001984669 0.011063773 0.002162989 0.005010679 -0.000519666 0.999984920
1773246404.372123 -0.002312225 0.002000723 0.011098819 0.003320816 0.005675072 0.000970040 0.999977827
1773246404.409981 -0.002309876 0.002012440 0.011135693 0.001510308 0.007374191 0.000829759 0.999971271
1773246404.437735 -0.002315934 0.002015278 0.011171723 0.003717487 0.008991260 0.000029439 0.999952614
1773246404.476806 -0.002316240 0.002018910 0.011200741 0.002831349 0.010633758 0.001625714 0.999938130
1773246404.504993 -0.002330397 0.002029151 0.011246908 0.003677367 0.013289695 -0.000091036 0.999904931
1773246404.539221 -0.002313854 0.002032857 0.011273334 0.001893857 0.015449760 -0.001112648 0.999878228
1773246404.577626 -0.002306857 0.002022133 0.011304633 0.002917140 0.017717933 -0.001982196 0.999836802
1773246404.605730 -0.002326829 0.002039515 0.011340638 -0.000096860 0.020244127 -0.000606227 0.999794841
1773246404.649350 -0.002313014 0.002038603 0.011362027 0.003054252 0.021515455 -0.002075423 0.999761641
1773246404.670991 -0.002324058 0.002050011 0.011416705 0.002884661 0.022746807 -0.000708190 0.999736845
1773246404.706014 -0.002335970 0.002057081 0.011465507 0.003791289 0.023630051 -0.001977205 0.999711573
1773246404.747483 -0.002337298 0.002059004 0.011496030 0.002295853 0.024314361 -0.001438417 0.999700665
1773246404.772373 -0.002351442 0.002071450 0.011546968 0.003329883 0.024821453 -0.002533311 0.999683142
1773246404.810509 -0.002354621 0.002076306 0.011582421 0.003596511 0.025752453 -0.002311742 0.999659181
1773246404.840027 -0.002347843 0.002073527 0.011609215 0.003898864 0.026579736 -0.003113187 0.999634206
1773246404.872273 -0.002304432 0.002061642 0.011588391 0.003927738 0.025874976 -0.001088274 0.999656856
1773246404.911543 -0.002311804 0.002076218 0.011634884 0.002878355 0.026948435 -0.003535448 0.999626398
1773246404.938735 -0.002318484 0.002093235 0.011673822 0.005087757 0.027171401 -0.002347663 0.999615073
1773246404.978007 -0.002292865 0.002088261 0.011687586 0.001835143 0.027491720 0.000876607 0.999619961
1773246405.005704 -0.002316954 0.002091785 0.011747825 0.002529643 0.028504649 -0.002296482 0.999587834
1773246405.039639 -0.002298742 0.002091166 0.011776382 0.001268258 0.028818570 -0.000743024 0.999583542
1773246405.079382 -0.002302815 0.002108472 0.011821164 0.002243512 0.029293040 0.000625695 0.999568105
1773246405.106683 -0.002301103 0.002106488 0.011844347 0.003088978 0.030210851 -0.001433985 0.999537706
1773246405.145802 -0.002332522 0.002121544 0.011875166 0.003318137 0.030974017 -0.001125003 0.999514043
1773246405.171938 -0.002306129 0.002113434 0.011888457 0.003323821 0.030714361 -0.000342449 0.999522626
1773246405.205917 -0.002328283 0.002138956 0.011945125 0.003424440 0.032238625 0.000330568 0.999474287
1773246405.248994 -0.002312607 0.002124782 0.011961199 0.004902179 0.031973708 -0.001822890 0.999475002
1773246405.272654 -0.002304254 0.002134782 0.011984683 0.005082752 0.031218452 0.000697741 0.999499381
1773246405.314919 -0.002299891 0.002148617 0.012002344 0.005246975 0.030411752 0.001217291 0.999522924
1773246405.340157 -0.002312431 0.002154679 0.012055493 0.005110972 0.030004729 -0.001014350 0.999536157
1773246405.378031 -0.002329849 0.002165936 0.012102848 0.003889044 0.028848208 0.000126823 0.999576211
1773246405.406736 -0.002310036 0.002165799 0.012117743 0.003825996 0.027446471 -0.000812436 0.999615610
1773246405.440224 -0.002337787 0.002175237 0.012137854 0.004265449 0.026830422 -0.001405254 0.999629915
1773246405.478283 -0.002329545 0.002187517 0.012172216 0.003665145 0.025437811 0.001577805 0.999668419
1773246405.506761 -0.002329541 0.002194643 0.012206449 0.003541717 0.023692461 -0.000157316 0.999713004
1773246405.540367 -0.002330786 0.002197204 0.012240769 0.002531794 0.022332801 -0.000682019 0.999747157
1773246405.579568 -0.002378905 0.002234291 0.012306934 0.001009478 0.020861853 0.002183004 0.999779463
1773246405.606539 -0.002339352 0.002222124 0.012301369 0.004669380 0.018084940 0.001536878 0.999824345
1773246405.645813 -0.002391204 0.002246487 0.012392734 0.000329407 0.017502423 0.001636338 0.999845445
1773246405.674380 -0.002433430 0.002290860 0.012481867 0.004284635 0.017023161 -0.000399040 0.999845803
1773246405.711142 -0.002440142 0.002275379 0.012491334 0.001507263 0.016099880 0.002039693 0.999867141
1773246405.740519 -0.002416542 0.002274149 0.012514279 0.002978453 0.014925712 -0.000180870 0.999884129
1773246405.774251 -0.002432907 0.002307113 0.012553572 0.002476253 0.013971029 0.000453175 0.999899209
1773246405.816703 -0.002428468 0.002291001 0.012596386 0.002527595 0.013137644 -0.000506041 0.999910355
1773246405.840147 -0.002414263 0.002293183 0.012613657 0.002057564 0.012160811 0.001209375 0.999923170
1773246405.881428 -0.002438406 0.002312177 0.012647752 0.003332796 0.011660605 -0.000036619 0.999926448
1773246405.907735 -0.002446879 0.002325690 0.012727425 0.004016997 0.010702999 0.001428285 0.999933660
1773246405.941614 -0.002462701 0.002349776 0.012781063 0.004717026 0.010411445 0.001676395 0.999933302
1773246405.978738 -0.002476257 0.002341910 0.012815770 0.004505441 0.009501262 0.002858300 0.999940634
1773246406.006039 -0.002456883 0.002341510 0.012856632 0.005742487 0.008689392 0.002428745 0.999942839
1773246406.048731 -0.002475312 0.002329807 0.012873427 0.003695522 0.008112004 0.004374425 0.999950707
1773246406.074355 -0.002449414 0.002347625 0.012871260 0.004878407 0.006901868 0.002157186 0.999961972
1773246406.108083 -0.002464890 0.002327685 0.012882344 0.002374048 0.007274171 0.003854985 0.999963284
1773246406.151642 -0.002486415 0.002334192 0.012899627 0.004838483 0.006496097 0.001752165 0.999965668
1773246406.174410 -0.002456171 0.002355695 0.012959696 0.003106325 0.004787374 0.003430228 0.999977827
1773246406.212942 -0.002466720 0.002353136 0.012955977 0.005379062 0.004188431 0.002296877 0.999974132
1773246406.239778 -0.002464070 0.002318456 0.012919295 0.002574534 0.003148535 0.002933293 0.999987423
1773246406.273301 -0.002445237 0.002303267 0.012903938 0.004723607 0.001361546 0.002588630 0.999984562
1773246406.313979 -0.002478251 0.002327598 0.012972315 0.003887517 0.000716519 0.002001400 0.999990165
1773246406.341726 -0.002451530 0.002325864 0.012954922 0.004403166 -0.001351114 0.002900853 0.999985158
1773246406.380463 -0.002465418 0.002352046 0.012997628 0.003460077 -0.001601458 0.003289104 0.999987304
1773246406.406969 -0.002480289 0.002345065 0.013068109 0.004558519 -0.001607614 0.001497477 0.999987185
1773246406.441585 -0.002499818 0.002365872 0.013112288 0.003490159 -0.001407649 0.002744522 0.999989152
1773246406.481000 -0.002494074 0.002349299 0.013111320 0.004658072 -0.001857092 0.003270599 0.999982059
1773246406.508245 -0.002466051 0.002349662 0.013146443 0.002489291 -0.000700451 0.002031870 0.999994576
1773246406.547261 -0.002485468 0.002357607 0.013193815 0.004039793 0.002031811 -0.000651345 0.999989569
1773246406.573824 -0.002464659 0.002347339 0.013186086 0.004288413 0.003666732 0.001411070 0.999983072
1773246406.606999 -0.002510505 0.002377938 0.013232463 0.004251278 0.006868047 0.000904704 0.999966919
1773246406.646609 -0.002503963 0.002368503 0.013235935 0.005373244 0.009555273 0.000106982 0.999939919
1773246406.673612 -0.002477061 0.002361125 0.013227973 0.003020966 0.011910707 -0.000024647 0.999924481
1773246406.715052 -0.002527959 0.002395262 0.013330864 0.005573978 0.015573074 -0.001783905 0.999861598
1773246406.741385 -0.002478026 0.002382705 0.013281932 0.003584736 0.017262159 -0.000228078 0.999844551
1773246406.774085 -0.002506753 0.002402899 0.013370384 0.004286009 0.020470159 -0.002234169 0.999778748
1773246406.813346 -0.002495557 0.002420130 0.013347025 0.004125355 0.021665219 -0.000795853 0.999756455
1773246406.841341 -0.002520105 0.002430502 0.013472765 0.004721285 0.023991626 -0.004662306 0.999690115
1773246406.879958 -0.002519949 0.002455999 0.013484078 0.003711262 0.024535114 -0.002525899 0.999688864
1773246406.908748 -0.002528648 0.002462152 0.013548312 0.004806216 0.025510315 -0.003771754 0.999655902
1773246406.942039 -0.002522780 0.002452220 0.013585603 0.005386526 0.025148757 -0.004572510 0.999658763
1773246406.980067 -0.002517334 0.002442313 0.013564539 0.004566557 0.024310952 -0.004285849 0.999684811
1773246407.008670 -0.002548264 0.002445103 0.013643387 0.005558760 0.024474956 -0.004461200 0.999675035
1773246407.047183 -0.002538882 0.002444445 0.013615488 0.005855419 0.023020150 -0.004976658 0.999705434
1773246407.075513 -0.002523915 0.002464019 0.013597246 0.006529582 0.021329885 -0.004109150 0.999742687
1773246407.112751 -0.002507445 0.002436671 0.013677046 0.006139467 0.019951522 -0.005063687 0.999769270
1773246407.141694 -0.002567729 0.002471511 0.013757482 0.006677605 0.018944500 -0.003624351 0.999791682
1773246407.175574 -0.002558191 0.002470245 0.013793113 0.006293899 0.017734479 -0.002820034 0.999818921
1773246407.213732 -0.002538284 0.002469136 0.013796772 0.006460920 0.016738405 -0.003941603 0.999831259
1773246407.241092 -0.002580074 0.002495795 0.013852549 0.006838191 0.016544767 -0.002762201 0.999835908
1773246407.279485 -0.002561720 0.002501160 0.013785303 0.008062649 0.015260426 -0.001785418 0.999849439
1773246407.308108 -0.002598547 0.002487062 0.013852157 0.006322692 0.015869368 -0.000998667 0.999853551
1773246407.341331 -0.002543038 0.002479476 0.013819917 0.007218427 0.014947365 -0.002745639 0.999858439
1773246407.381469 -0.002570184 0.002509591 0.013995188 0.007421893 0.016409526 -0.001842041 0.999836087
1773246407.408819 -0.002572383 0.002515628 0.014018007 0.007971414 0.016811781 -0.002159103 0.999824584
1773246407.447587 -0.002566068 0.002515439 0.014041165 0.006499882 0.018046616 -0.001171928 0.999815345
1773246407.475031 -0.002536995 0.002509564 0.013994943 0.007300907 0.019537264 -0.002476269 0.999779403
1773246407.509294 -0.002582185 0.002518112 0.014011921 0.005822580 0.024277957 -0.003946377 0.999680519
1773246407.546958 -0.002578615 0.002549478 0.014063304 0.007716221 0.026193501 -0.003511727 0.999620974
1773246407.574751 -0.002601797 0.002520186 0.014065678 0.006350550 0.029567966 -0.003803246 0.999535382
1773246407.613969 -0.002561943 0.002524594 0.014047893 0.006635468 0.031445622 -0.004752044 0.999472141
1773246407.641090 -0.002568373 0.002528237 0.014061477 0.007299650 0.033858169 -0.003883146 0.999392450
1773246407.675803 -0.002551057 0.002547609 0.014088069 0.007391076 0.035704751 -0.004727045 0.999323845
1773246407.714289 -0.002573887 0.002541788 0.014124070 0.006292138 0.038417764 -0.005278219 0.999228001
1773246407.741454 -0.002552707 0.002556511 0.014195076 0.007114494 0.040427446 -0.005981644 0.999139190
1773246407.781831 -0.002522823 0.002538100 0.014159980 0.007340379 0.040561419 -0.007008660 0.999125481
1773246407.810374 -0.002547299 0.002548748 0.014197944 0.007725831 0.041750748 -0.005334765 0.999083936
1773246407.842931 -0.002559827 0.002540750 0.014239688 0.007803652 0.042653669 -0.004719580 0.999048293
1773246407.886302 -0.002549122 0.002553580 0.014239420 0.009010700 0.042151388 -0.006100120 0.999051988
1773246407.909731 -0.002569418 0.002563474 0.014272874 0.007760955 0.042265117 -0.005604804 0.999060571
1773246407.947695 -0.002548825 0.002571217 0.014290407 0.008987840 0.041825835 -0.005351308 0.999070168
1773246407.977078 -0.002572861 0.002577113 0.014299674 0.008475928 0.041881371 -0.004988409 0.999074161
1773246408.009946 -0.002579452 0.002589422 0.014316412 0.009300339 0.041942075 -0.005257736 0.999062955
1773246408.048861 -0.002581262 0.002596022 0.014353957 0.007076889 0.044113778 -0.004525392 0.998991191
1773246408.076878 -0.002542208 0.002570436 0.014346998 0.009192610 0.044417694 -0.006306983 0.998950839
1773246408.114097 -0.002537145 0.002546487 0.014259045 0.007688554 0.045120500 -0.006367952 0.998931706
1773246408.142362 -0.002525914 0.002556770 0.014259558 0.008319111 0.045487601 -0.006396512 0.998909831
1773246408.177320 -0.002563940 0.002573646 0.014429119 0.008038714 0.046187479 -0.006422203 0.998879790
1773246408.215421 -0.002527636 0.002479028 0.013983263 0.007043811 0.045718528 -0.007415268 0.998901963
1773246408.242978 -0.002528827 0.002496735 0.014012014 0.007236419 0.044937778 -0.006269936 0.998943865
1773246408.280609 -0.002539262 0.002504304 0.014035634 0.006222317 0.044644911 -0.005316594 0.998969376
1773246408.309057 -0.002520791 0.002481932 0.014063755 0.008486204 0.043476090 -0.007649775 0.998989105
1773246408.344027 -0.002526932 0.002507835 0.014096862 0.006705584 0.042252794 -0.005105335 0.999071360
1773246408.383370 -0.002496990 0.002477989 0.014037380 0.007629382 0.041346960 -0.006729043 0.999093056
1773246408.410294 -0.002504905 0.002510786 0.014069616 0.006471953 0.041658975 -0.004603507 0.999100327
1773246408.448732 -0.002477582 0.002478190 0.014080764 0.007758864 0.041933127 -0.006503267 0.999069154
1773246408.476875 -0.002495936 0.002510381 0.014109731 0.007574369 0.042524014 -0.004809781 0.999055147
1773246408.508977 -0.002493884 0.002504107 0.014121099 0.007831304 0.042807393 -0.005973395 0.999034762
1773246408.549011 -0.002490363 0.002495849 0.014169264 0.007315247 0.043977015 -0.005606192 0.998989999
1773246408.576496 -0.002530119 0.002529505 0.014210868 0.008392445 0.045260921 -0.005613937 0.998924196
1773246408.615109 -0.002478501 0.002499799 0.014165735 0.008148070 0.044141054 -0.005399384 0.998977482
1773246408.643353 -0.002478902 0.002506332 0.014204470 0.007418805 0.045350648 -0.004977599 0.998931229
1773246408.684898 -0.002497187 0.002512747 0.014257629 0.008337711 0.046154026 -0.006779242 0.998876512
1773246408.709345 -0.002470973 0.002526578 0.014245251 0.008135349 0.046078116 -0.005517819 0.998889446
1773246408.744489 -0.002472263 0.002525309 0.014267772 0.009068424 0.047017053 -0.005644448 0.998836935
1773246408.781861 -0.002468007 0.002513976 0.014276396 0.008241314 0.048034836 -0.005862536 0.998794496
1773246408.811325 -0.002474129 0.002514590 0.014286834 0.008229991 0.049774315 -0.006133067 0.998707771
1773246408.855669 -0.002456327 0.002526231 0.014313893 0.008614585 0.051430516 -0.006118593 0.998620689
1773246408.879053 -0.002446367 0.002522181 0.014326052 0.008297745 0.053232890 -0.006587628 0.998525918
1773246408.911100 -0.002427459 0.002517640 0.014313472 0.008136171 0.055040397 -0.006815260 0.998427749
1773246408.949773 -0.002456218 0.002516038 0.014324522 0.007870656 0.057369445 -0.006778170 0.998299003
1773246408.977440 -0.002428491 0.002496932 0.014306932 0.007439618 0.058962360 -0.007301548 0.998205781
1773246409.015937 -0.002435818 0.002492413 0.014302694 0.006990758 0.061182056 -0.007998724 0.998070121
1773246409.044711 -0.002442680 0.002499544 0.014349891 0.006754936 0.063785933 -0.008001779 0.997908652
1773246409.077339 -0.002440497 0.002509099 0.014387161 0.006736231 0.066531792 -0.008253960 0.997727394
1773246409.118645 -0.002442787 0.002495823 0.014356535 0.006199440 0.069432795 -0.008330135 0.997532606
1773246409.143914 -0.002464446 0.002517364 0.014414161 0.006920509 0.072924159 -0.008497847 0.997277260
1773246409.183246 -0.002447876 0.002509525 0.014421753 0.006831784 0.075393945 -0.008882036 0.997090876
1773246409.209556 -0.002438337 0.002503421 0.014428711 0.007231158 0.077817418 -0.009468142 0.996896446
1773246409.243763 -0.002442867 0.002494471 0.014428270 0.006045532 0.080272786 -0.008540470 0.996718049
1773246409.283352 -0.002444072 0.002522381 0.014451284 0.006033591 0.083522946 -0.009128492 0.996445775
1773246409.309876 -0.002439229 0.002513267 0.014458410 0.005745799 0.086565062 -0.008647005 0.996192098
1773246409.349176 -0.002426339 0.002505402 0.014477697 0.005203679 0.088796139 -0.009465788 0.995991290
1773246409.377606 -0.002410252 0.002535866 0.014504893 0.004959297 0.091568410 -0.009393020 0.995742142
1773246409.411651 -0.002410745 0.002514913 0.014479157 0.005072989 0.094749875 -0.009982638 0.995438159
1773246409.453144 -0.002429528 0.002533427 0.014558137 0.004097077 0.099100173 -0.010002259 0.995018780
1773246409.476869 -0.002398773 0.002517420 0.014489589 0.003813230 0.102154814 -0.010528856 0.994705498
1773246409.518434 -0.002382837 0.002517168 0.014465591 0.004141206 0.105880387 -0.009979823 0.994320154
1773246409.543575 -0.002391706 0.002510570 0.014485231 0.004207515 0.109711006 -0.009503366 0.993909180
1773246409.578043 -0.002360366 0.002512542 0.014406849 0.003619235 0.113321140 -0.010563366 0.993495643
1773246409.617300 -0.002390018 0.002497523 0.014595853 0.002575127 0.118536741 -0.012243937 0.992870808
1773246409.643677 -0.002351076 0.002515506 0.014499534 0.003194819 0.121902376 -0.011193087 0.992473841
1773246409.683013 -0.002365670 0.002506881 0.014516075 0.003550449 0.126534492 -0.012662621 0.991874993
1773246409.711634 -0.002370954 0.002524098 0.014504081 0.002458749 0.130993426 -0.011528185 0.991313159
1773246409.745203 -0.002330978 0.002539422 0.014594237 0.003519804 0.136079982 -0.012475885 0.990613043
1773246409.783577 -0.002325897 0.002527413 0.014548860 0.002659066 0.140836835 -0.012980773 0.989944160
1773246409.812886 -0.002367640 0.002535386 0.014650287 0.003295644 0.146833301 -0.014271379 0.989052773
1773246409.852517 -0.002356013 0.002543302 0.014636249 0.003131286 0.151973709 -0.013096225 0.988292813
1773246409.879086 -0.002363641 0.002545707 0.014633162 0.003166905 0.157849267 -0.015526365 0.987336040
1773246409.912193 -0.002346923 0.002545383 0.014579399 0.002282701 0.162915230 -0.014941662 0.986524284
1773246409.954344 -0.002343745 0.002517863 0.014684719 0.003348172 0.169424519 -0.016822925 0.985393882
1773246409.978810 -0.002305460 0.002535637 0.014693310 0.002612135 0.175000101 -0.017157853 0.984415412
1773246410.020221 -0.002341278 0.002529831 0.014734482 0.003615499 0.181698680 -0.018981704 0.983164370
1773246410.045349 -0.002319238 0.002532722 0.014691920 0.002038535 0.187787607 -0.017610110 0.982049644
1773246410.079145 -0.002281793 0.002545892 0.014660769 0.003908357 0.194149226 -0.020278450 0.980754614
1773246410.116701 -0.002277847 0.002551805 0.014742672 0.002861156 0.201047599 -0.017918840 0.979413390
1773246410.144949 -0.002265655 0.002565461 0.014756551 0.003970078 0.208349451 -0.020499354 0.977831542
1773246410.188720 -0.002294151 0.002542894 0.014762959 0.001750029 0.216032967 -0.021430774 0.976149261
1773246410.213885 -0.002310338 0.002555341 0.014876097 0.002836810 0.223616764 -0.022426693 0.974415004
1773246410.245935 -0.002315993 0.002593573 0.014943745 0.003626219 0.231388256 -0.021339275 0.972620666
1773246410.285656 -0.002262001 0.002518501 0.014728268 0.001990518 0.238420591 -0.022867369 0.970890701
1773246410.312716 -0.002291102 0.002577998 0.014913925 0.003147351 0.246534035 -0.023675842 0.968839824
1773246410.357660 -0.002340513 0.002503426 0.014873459 0.002067623 0.254841983 -0.023145629 0.966703475
1773246410.379179 -0.002367529 0.002479949 0.014874690 0.002840233 0.262878299 -0.023653258 0.964534819
1773246410.417648 -0.002346450 0.002489405 0.014850887 0.001754253 0.270587891 -0.024396686 0.962384462
1773246410.446333 -0.002343372 0.002491417 0.014853036 0.001520836 0.278193474 -0.025773196 0.960178018
1773246410.478237 -0.002412712 0.002504406 0.014816677 0.000860442 0.287092119 -0.025897192 0.957552433
1773246410.516616 -0.002274228 0.002260939 0.013947004 0.000320903 0.293941289 -0.026183894 0.955464721
1773246410.545369 -0.002285717 0.002326103 0.014039923 0.001019725 0.303646892 -0.027690368 0.952381611
1773246410.584766 -0.002296987 0.002288030 0.013969915 0.000392557 0.312518001 -0.029845111 0.949442804
1773246410.612797 -0.002260739 0.002325938 0.013920432 0.000718777 0.321073771 -0.027019355 0.946668446
1773246410.644746 -0.002258749 0.002346805 0.014188785 0.000341114 0.329938322 -0.025687631 0.943652868
1773246410.686068 -0.002215456 0.002268006 0.014196465 0.000927461 0.336270332 -0.024482118 0.941446781
1773246410.712661 -0.002223969 0.002264953 0.014061829 -0.000350298 0.342997015 -0.030402729 0.938844323
1773246410.752042 -0.002219540 0.002311251 0.014216415 0.000760625 0.351128072 -0.031755969 0.935788512
1773246410.779774 -0.002089882 0.002270049 0.014079876 -0.001430758 0.358772099 -0.031811226 0.932881832
1773246410.812187 -0.002087284 0.002341155 0.014025705 0.000418014 0.366573066 -0.035352569 0.929717302
1773246410.851398 -0.002131109 0.002251560 0.014050221 -0.001191445 0.375538677 -0.033204321 0.926210940
1773246410.879133 -0.002113985 0.002399141 0.014101718 0.000296757 0.384285837 -0.036618922 0.922487617
1773246410.918795 -0.002082922 0.002288880 0.014015841 -0.002615723 0.392809063 -0.039141085 0.918782949
1773246410.946613 -0.002061200 0.002239570 0.014039218 -0.000446861 0.401534170 -0.039529324 0.914990425
1773246410.979202 -0.002113634 0.002270218 0.014002753 -0.002408137 0.411191434 -0.038699757 0.910723984
1773246411.018560 -0.001947222 0.002251093 0.014057303 -0.002030458 0.418748200 -0.042967383 0.907082975
1773246411.047211 -0.001972530 0.002379875 0.014345378 -0.001238801 0.428670883 -0.043386575 0.902417481
1773246411.085605 -0.001951263 0.002327974 0.014367513 -0.002063255 0.437458932 -0.041944358 0.898257256
1773246411.153051 -0.002045922 0.002476539 0.014704233 -0.001635860 0.454582244 -0.047200777 0.889451742
1773246411.180790 -0.002001980 0.002534046 0.014772462 -0.000190585 0.462411135 -0.049381886 0.885289431
1773246411.213888 -0.001985281 0.002334076 0.014340851 -0.002574915 0.469963372 -0.046649322 0.881448627
1773246411.252506 -0.002126702 0.002333338 0.014752183 -0.002733769 0.479012311 -0.048369117 0.876470327
1773246411.281371 -0.001960132 0.002393795 0.014766476 -0.002472647 0.484771609 -0.048447818 0.873294413
1773246411.320672 -0.001998119 0.002674817 0.014662404 0.000055195 0.491673023 -0.054956075 0.869044006
1773246411.346462 -0.002117592 0.002659450 0.015028633 -0.000186667 0.499974221 -0.054391149 0.864330590
1773246411.380203 -0.001954485 0.002546757 0.015082058 -0.001853339 0.505555570 -0.053547308 0.861128807
1773246411.418741 -0.001869353 0.002398807 0.015250232 -0.003673967 0.511554599 -0.052656665 0.857627928
1773246411.447517 -0.002082692 0.002621605 0.015245637 -0.001546639 0.518080354 -0.057807226 0.853374898
1773246411.486505 -0.002156834 0.002790308 0.015157595 0.000151785 0.523325801 -0.059465848 0.850055277
1773246411.514545 -0.002242243 0.002482557 0.015294037 -0.002658036 0.529623389 -0.059156500 0.846163392
1773246411.547363 -0.002191229 0.002387931 0.015346991 -0.004790591 0.534154713 -0.055771336 0.843531489
1773246411.586348 -0.002399705 0.002396231 0.015238157 -0.002865671 0.539671302 -0.052690059 0.840220451
1773246411.614245 -0.002215609 0.002700578 0.015258089 -0.000785782 0.543309093 -0.058165383 0.837514997
1773246411.652293 -0.002148908 0.002501270 0.015608323 -0.003135158 0.548808694 -0.060290068 0.833765149
1773246411.679344 -0.002114424 0.002517147 0.015779667 -0.002016160 0.553555071 -0.058980815 0.830718935
1773246411.713818 -0.002302275 0.002371434 0.015328022 -0.005275743 0.557273328 -0.057162542 0.828342319
1773246411.752987 -0.002211190 0.002511389 0.015701843 -0.003111530 0.561498344 -0.058548287 0.825398147
1773246411.781632 -0.002027656 0.002472122 0.015849574 -0.003298179 0.565407395 -0.060277890 0.822599649
1773246411.822725 -0.002268058 0.002535245 0.015712680 -0.001554509 0.570964456 -0.058693387 0.818872571
1773246411.846915 -0.002108712 0.002472802 0.015538935 -0.002720937 0.573690355 -0.059991471 0.816867769
1773246411.888818 -0.002041996 0.002477559 0.015602506 -0.003602081 0.578312159 -0.063048914 0.813367605
1773246411.914401 -0.001943362 0.002434936 0.015608584 -0.002320674 0.581600428 -0.058630798 0.811355650
1773246411.946792 -0.002067989 0.002480238 0.015603634 -0.002684423 0.587490141 -0.061787006 0.806864619
1773246411.987297 -0.002086367 0.002492174 0.015608539 -0.003735047 0.592835665 -0.064822257 0.802701652
1773246412.013721 -0.002003483 0.002434701 0.015600022 -0.004064355 0.597247064 -0.061011866 0.799723089
1773246412.052846 -0.002055945 0.002471806 0.015613056 -0.002842821 0.601736724 -0.064361192 0.796092033
1773246412.080107 -0.002071087 0.002471724 0.015601833 -0.003687820 0.606224597 -0.065780096 0.792559803
1773246412.114980 -0.001981311 0.002453978 0.015592692 -0.003073733 0.609591663 -0.068721384 0.789725184
1773246412.151919 -0.002021199 0.002466576 0.015593374 -0.003225946 0.613799214 -0.068794496 0.786452472
1773246412.181968 -0.002041815 0.002468701 0.015595468 -0.002988979 0.618149042 -0.071242832 0.782820046
1773246412.226581 -0.002091947 0.002472573 0.015597856 -0.002041140 0.621942997 -0.068466023 0.780060947
1773246412.248398 -0.002147732 0.002485544 0.015592612 -0.001171912 0.625173151 -0.067175537 0.777588904
1773246412.280779 -0.002128543 0.002513089 0.015621548 -0.001341557 0.629007280 -0.069695115 0.774267733
1773246412.322303 -0.002114472 0.002499845 0.015636327 -0.001793685 0.632406175 -0.074714713 0.771023273
1773246412.346883 -0.002133215 0.002521135 0.015631236 -0.001754795 0.635923505 -0.072566435 0.768330812
1773246412.389250 -0.002110695 0.002502023 0.015633019 -0.002436104 0.639369905 -0.075035848 0.765225351
1773246412.414152 -0.002076375 0.002494754 0.015589416 -0.001397601 0.642876387 -0.073324122 0.762451053
1773246412.453279 -0.002191135 0.002496035 0.015580974 -0.001573451 0.647461712 -0.069457836 0.758924544
1773246412.481532 -0.002089180 0.002517725 0.015586599 -0.001334890 0.651175737 -0.079292402 0.754772246
1773246412.515045 -0.001893690 0.002421692 0.015572630 -0.002158644 0.653782547 -0.078093670 0.752638757
1773246412.553569 -0.002085636 0.002481877 0.015584099 -0.001672158 0.657821715 -0.075936638 0.749333978
1773246412.582209 -0.002138331 0.002502660 0.015593450 -0.002526066 0.661557257 -0.079710416 0.745641887
1773246412.621958 -0.002123164 0.002510369 0.015586950 -0.002373027 0.664957285 -0.079683013 0.742614865
1773246412.648820 -0.002086035 0.002492120 0.015596411 -0.000676857 0.667642355 -0.077175438 0.740470827
1773246412.681755 -0.002148040 0.002512579 0.015601967 -0.001314964 0.671860635 -0.080627672 0.736274898
