5.505749 -0.000665098 -0.000965783 0.060724430 -0.000127368 0.000934657 -0.001183996 0.999998868
5.610008 -0.001132460 -0.001733502 0.121855199 0.000973387 0.001888764 -0.001952623 0.999995828
5.714253 -0.000701446 -0.001926382 0.185103223 0.001119399 0.002329025 -0.002065443 0.999994516
5.818377 -0.000705430 -0.002411854 0.249533296 -0.000278964 0.003299870 -0.001804817 0.999992847
5.922523 -0.000436223 -0.002727372 0.315872788 -0.001996992 0.004205410 -0.002343710 0.999986410
6.026772 -0.000007067 -0.003649657 0.382945836 -0.003011438 0.005087194 -0.002438699 0.999979556
6.130876 -0.000240143 -0.004064738 0.451166064 -0.002757883 0.006215746 -0.003396464 0.999971092
6.235023 0.000835997 -0.004649254 0.520363927 -0.001442671 0.006931242 -0.004528141 0.999964654
6.339025 0.001378855 -0.004678062 0.591706455 -0.001020769 0.007750915 -0.004882381 0.999957502
6.443143 0.002706224 -0.005053050 0.663829029 -0.002042912 0.008451753 -0.003598597 0.999955714
6.547271 0.003823766 -0.005975826 0.736710727 -0.003073557 0.009061172 -0.002451306 0.999951184
6.651280 0.005189709 -0.006347049 0.810199082 -0.003865684 0.009676361 -0.001886271 0.999943912
6.755380 0.006342794 -0.007540794 0.884129524 -0.001624157 0.009906502 -0.002063965 0.999947488
6.859377 0.007502356 -0.008451290 0.958274543 0.001947728 0.010122826 -0.001295686 0.999946058
6.963378 0.009298684 -0.009164473 1.033425689 0.004439869 0.009982212 0.000465543 0.999940217
7.067377 0.011199125 -0.010195868 1.109147787 0.004132850 0.009585718 0.000933336 0.999945104
7.171256 0.012187789 -0.011495989 1.187923431 0.000433785 0.009574178 0.000968836 0.999953628
7.275272 0.012867904 -0.012609662 1.265463710 -0.003213221 0.009483173 0.000150310 0.999949872
7.379272 0.013605624 -0.013679335 1.343953252 -0.005965489 0.009260051 -0.001061786 0.999938786
7.483251 0.014088439 -0.014564097 1.420457006 -0.006289361 0.009280022 -0.001679232 0.999935746
7.587271 0.015679635 -0.014927009 1.496868014 -0.004324569 0.009031179 -0.001548799 0.999948680
7.691129 0.015568793 -0.015706826 1.574384093 -0.003137273 0.008985999 -0.001711415 0.999953210
7.795131 0.017085359 -0.016565815 1.651504278 -0.003950172 0.008670902 -0.002047672 0.999952495
7.899003 0.017118914 -0.018040488 1.728780031 -0.005246853 0.009044768 -0.003280528 0.999939919
8.003004 0.018318146 -0.018380344 1.805430055 -0.004443652 0.009092970 -0.003487401 0.999942720
8.107005 0.018578539 -0.019279592 1.882282138 -0.001787064 0.009383953 -0.004135938 0.999945819
8.211004 0.019332217 -0.020343713 1.960361838 0.000183919 0.009555556 -0.005016296 0.999941766
8.315006 0.020473078 -0.021212691 2.035207272 -0.000086523 0.009797384 -0.004509790 0.999941826
8.418880 0.021521479 -0.023201263 2.111571312 -0.001540215 0.010091068 -0.003944750 0.999940157
8.522877 0.023195589 -0.023944482 2.188511372 -0.003919182 0.010252997 -0.003877272 0.999932230
8.626899 0.025256138 -0.024355363 2.266188383 -0.006690731 0.010352109 -0.003320106 0.999918520
8.730751 0.026291549 -0.024862908 2.342561960 -0.008181212 0.010309187 -0.003728786 0.999906421
8.834756 0.028751930 -0.024927244 2.415112257 -0.008130252 0.010425160 -0.003514376 0.999906421
8.938756 0.028661981 -0.025435297 2.495108128 -0.005854108 0.010481568 -0.003342715 0.999922335
9.042758 0.029764598 -0.025918273 2.571951866 -0.003675898 0.010683635 -0.003715554 0.999929249
9.146631 0.030473812 -0.026823431 2.647325754 -0.002527436 0.010874840 -0.006012440 0.999919593
9.250652 0.032584995 -0.027867209 2.721275806 -0.001942326 0.010401607 -0.007574480 0.999915361
9.354505 0.032642007 -0.027624007 2.799425125 -0.000402241 0.010313797 -0.006526018 0.999925435
9.458529 0.034057111 -0.030120606 2.875056267 0.001291263 0.009568415 -0.004833863 0.999941707
9.562503 0.035384484 -0.031053498 2.950721741 0.002291645 0.009194973 -0.002661512 0.999951541
9.666385 0.036013212 -0.033308964 3.026134968 0.000228279 0.008308103 -0.002622612 0.999962032
9.770380 0.035763659 -0.034618977 3.101916552 -0.002733043 0.007739013 -0.001496780 0.999965191
9.874249 0.038173296 -0.035639416 3.177292347 -0.004557885 0.006423886 -0.000369020 0.999968886
9.978133 0.039118171 -0.036452629 3.251810312 -0.004014425 0.005499749 -0.000410021 0.999976695
10.082130 0.038250256 -0.037683606 3.325263500 -0.002289097 0.005257160 -0.002196964 0.999981165
10.186010 0.037877772 -0.038605869 3.399026394 -0.000696908 0.004629690 -0.004460879 0.999979079
10.290010 0.036995016 -0.039828334 3.472591877 -0.000185798 0.004106500 -0.006701983 0.999969065
10.393880 0.036122389 -0.041019406 3.545460463 -0.000774178 0.003754536 -0.007481604 0.999964654
10.497760 0.036761630 -0.042641710 3.618702412 -0.001616412 0.003107581 -0.007634405 0.999964714
10.601750 0.035407253 -0.043731578 3.691966534 -0.001449973 0.003088731 -0.008832793 0.999955177
10.705630 0.036208443 -0.045005236 3.763858557 -0.001384214 0.002436525 -0.008825094 0.999957144
10.809650 0.037075877 -0.045954399 3.834583759 -0.002194403 0.001937539 -0.007765341 0.999965549
10.913510 0.037441790 -0.046781462 3.906870842 -0.003539473 0.001754535 -0.007185757 0.999966383
11.017510 0.038065385 -0.046854589 3.977294922 -0.005660249 0.001517667 -0.007382848 0.999955535
11.121380 0.037112899 -0.049238414 4.049497128 -0.006962615 0.001476612 -0.007588875 0.999945879
11.225380 0.037222836 -0.049972329 4.118736267 -0.006879700 0.001072032 -0.007436223 0.999948084
11.329280 0.037016608 -0.050647672 4.187992096 -0.005940974 0.001034596 -0.007332593 0.999954939
11.433260 0.037149392 -0.052642606 4.255019665 -0.004573526 0.000648227 -0.007406716 0.999961853
11.537150 0.039075047 -0.050308503 4.319823265 -0.002379680 0.000404302 -0.007441364 0.999969363
11.641130 0.037790645 -0.051764220 4.389992237 -0.001334352 0.001265218 -0.007518238 0.999970019
11.745130 0.036209680 -0.053732328 4.454888821 -0.001258667 0.002836959 -0.008851752 0.999956012
11.849140 0.037738521 -0.054094523 4.517319679 -0.001506542 0.004585626 -0.008608769 0.999951303
11.953260 0.038721986 -0.055518523 4.578750134 -0.002431205 0.007439210 -0.008470839 0.999933481
12.057260 0.040132936 -0.055876832 4.637871265 -0.002781034 0.011040373 -0.007704708 0.999905527
12.161380 0.042181328 -0.057675779 4.696181774 -0.003743953 0.015509908 -0.008117355 0.999839783
12.265510 0.044798478 -0.057303138 4.752265453 -0.004167777 0.021255761 -0.008986429 0.999724984
12.369630 0.048659727 -0.059595045 4.806311131 -0.005401304 0.028575540 -0.010504924 0.999521852
12.473910 0.052646756 -0.058904726 4.859871864 -0.005638866 0.037906561 -0.010894080 0.999206007
12.578130 0.058531702 -0.060059130 4.911225796 -0.006122552 0.048998296 -0.011017613 0.998719335
12.682390 0.065817058 -0.060982209 4.960961819 -0.006196290 0.061943129 -0.010292494 0.998007357
12.786780 0.075171709 -0.060957544 5.006886482 -0.005448411 0.076419525 -0.008956483 0.997020662
12.891130 0.085087121 -0.060427833 5.049708366 -0.005019152 0.093164869 -0.008030226 0.995605648
12.995510 0.096807718 -0.061166663 5.092325211 -0.005169398 0.112145856 -0.007418172 0.993650615
13.099880 0.108303189 -0.062314551 5.131975651 -0.005122699 0.132934839 -0.006735003 0.991088629
13.204380 0.123718500 -0.062914848 5.171143055 -0.005394049 0.155523792 -0.005164870 0.987803936
13.308760 0.140470862 -0.064060748 5.208659649 -0.004869110 0.180122778 -0.002940246 0.983627677
13.413260 0.158946991 -0.064917922 5.244473457 -0.002868231 0.206126511 0.001140848 0.978520453
13.517630 0.181395292 -0.065218337 5.277656555 -0.000386210 0.231881425 0.004169907 0.972735047
13.622130 0.204288721 -0.066090032 5.309562683 0.001172789 0.259166509 0.007048625 0.965806246
13.726510 0.229411125 -0.065640777 5.341477871 0.001408268 0.286174327 0.007547974 0.958146811
13.830760 0.255843401 -0.066172346 5.372602940 0.001403978 0.312454402 0.008999750 0.949889123
13.935130 0.285310268 -0.066060640 5.401619434 0.002522222 0.337433219 0.013491897 0.941249371
14.039380 0.315073967 -0.066814274 5.426757812 0.003900553 0.362360686 0.019186020 0.931832314
14.143650 0.345998526 -0.067157097 5.451383114 0.005848876 0.387352198 0.019904690 0.921698332
14.247880 0.377769232 -0.067391798 5.475667000 0.008695955 0.412603348 0.017680429 0.910697699
14.352150 0.411137581 -0.068119548 5.498477936 0.013007382 0.438561559 0.013926170 0.898499072
14.456380 0.446572542 -0.068231054 5.519856453 0.015703794 0.464852691 0.010241182 0.885189533
14.560630 0.485846043 -0.068918489 5.540126801 0.016567260 0.490890056 0.009139235 0.871016026
14.664880 0.528090239 -0.070218638 5.558602333 0.017016944 0.516411245 0.009025519 0.856124043
14.769010 0.572674990 -0.070744574 5.577459335 0.017213793 0.541310072 0.007250443 0.840615571
14.873160 0.619766355 -0.072094671 5.593931198 0.016254993 0.564239800 0.007388435 0.825417876
14.977150 0.668318272 -0.073925734 5.607439995 0.013774481 0.584084034 0.005505786 0.811557591
15.081160 0.719489217 -0.074991852 5.621510506 0.012702596 0.602478862 0.003225754 0.798027217
15.185010 0.772917986 -0.076183945 5.633231640 0.010549172 0.617746532 0.002235509 0.786303341
15.288760 0.829462767 -0.077880353 5.643625259 0.009607928 0.630082726 0.003237391 0.776461840
15.392480 0.886679113 -0.078885265 5.652874470 0.009401755 0.639792860 0.004373128 0.768477440
15.496190 0.948299766 -0.079510629 5.661666393 0.008528031 0.648211837 0.005065352 0.761395395
15.599910 1.010557175 -0.080393054 5.669450283 0.006988361 0.655146360 0.005541025 0.755449355
15.703610 1.074093819 -0.081030309 5.678407192 0.004610621 0.661294878 0.004181468 0.750100195
15.807320 1.138402820 -0.081845865 5.686752319 0.002813647 0.666631699 0.003335142 0.745374501
15.911010 1.205754519 -0.082495593 5.692173481 0.003418671 0.671353877 0.003852369 0.741119027
16.014760 1.273054957 -0.083581202 5.698411942 0.003395564 0.676711321 0.004016499 0.736229718
16.118550 1.342606068 -0.084140405 5.701413631 0.002946872 0.681879580 0.004100050 0.731446981
16.222360 1.414169192 -0.084614515 5.705876350 0.002287584 0.687225521 0.003814518 0.726430535
16.326140 1.486720324 -0.085873596 5.708508968 0.002786108 0.691796720 0.002708567 0.722081840
16.429890 1.558844090 -0.086805135 5.709809303 0.004484570 0.695607245 0.000873665 0.718407750
16.533760 1.633572221 -0.087864213 5.712528706 0.006686313 0.699406564 -0.001323740 0.714691520
16.637520 1.708541155 -0.088827439 5.712666988 0.006839625 0.702051759 -0.001275431 0.712091923
16.741260 1.788100719 -0.090418711 5.715054989 0.004080926 0.704753280 0.000589791 0.709440470
16.845140 1.865234494 -0.092010155 5.715658665 0.000067301 0.706531286 0.002281417 0.707678139
16.948890 1.944308996 -0.093333445 5.716147900 -0.001566853 0.707919478 0.003405303 0.706283212
17.052630 2.021619320 -0.094366074 5.717025280 -0.000976977 0.709297955 0.003231641 0.704900682
17.156420 2.098190308 -0.095484339 5.715785503 -0.000630476 0.710306048 0.003080756 0.703885972
17.260280 2.176512957 -0.096456468 5.714904785 -0.000975025 0.711132765 0.004345095 0.703043699
17.364000 2.253306866 -0.096940979 5.713401318 -0.000859357 0.712007999 0.006031717 0.702144861
17.467890 2.331158161 -0.097885892 5.711935520 -0.000754409 0.713021040 0.007587693 0.701101184
17.571660 2.407626629 -0.098300651 5.710289955 0.000839015 0.713895261 0.006400048 0.700222731
17.675510 2.483464241 -0.099152312 5.709711552 0.002250436 0.714642644 0.002686251 0.699480951
17.779390 2.559245348 -0.100634597 5.708438873 0.004330398 0.715203583 -0.000416241 0.698902607
17.883140 2.635374308 -0.102291323 5.707050323 0.005264548 0.715698719 -0.002300554 0.698385537
17.987010 2.711759567 -0.104062714 5.705554962 0.004169829 0.716399789 -0.002237487 0.697673917
18.090880 2.788395405 -0.106080227 5.704144955 0.001889584 0.717204034 -0.001500506 0.696859062
18.194760 2.865098000 -0.108246796 5.703038216 -0.001163268 0.718059421 -0.000699433 0.695980489
18.298510 2.942729235 -0.109600291 5.700842857 -0.001326045 0.718911707 0.000430574 0.695100009
18.402390 3.017506361 -0.110737041 5.697991848 0.000149628 0.719386220 0.001722823 0.694608152
18.506260 3.094000340 -0.112620451 5.696199417 0.000591555 0.719961226 0.002453128 0.694009721
18.610130 3.168082476 -0.113147743 5.692772865 0.001532316 0.720143378 0.001829032 0.693821192
18.713910 3.244311333 -0.113846131 5.690404892 0.002702773 0.720420837 0.001953525 0.693529129
18.817760 3.320818424 -0.115220062 5.687052727 0.003221068 0.720561862 0.002601799 0.693378270
18.921640 3.397605419 -0.116488487 5.684946537 0.001505383 0.720777869 0.001896323 0.693161845
19.025510 3.476862192 -0.117424533 5.682184219 0.001915982 0.720944822 0.001352424 0.692988575
19.129390 3.555538654 -0.118719183 5.679528713 0.002077198 0.720337629 0.001480027 0.693618953
19.233260 3.634606600 -0.119870976 5.676506519 0.002554072 0.719579339 0.002259139 0.694401860
19.337010 3.714598417 -0.120981477 5.674174786 0.002396298 0.718442559 0.001690326 0.695580125
19.440890 3.792733908 -0.122517757 5.673258781 0.000803454 0.717360198 0.000233890 0.696701944
19.544760 3.874508858 -0.123897091 5.672337532 0.002280769 0.716786444 -0.001811735 0.697286665
19.648510 3.955811024 -0.125095814 5.672036648 0.003151405 0.716124892 -0.003414359 0.697956741
19.752390 4.037904739 -0.126616269 5.670442581 0.004002542 0.715328813 -0.003667567 0.698766947
19.856260 4.121148109 -0.128403679 5.668779373 0.003342300 0.714551985 -0.003462354 0.699565768
19.960140 4.203807831 -0.129885003 5.668155670 0.003511891 0.713922620 -0.003036487 0.700209141
20.064010 4.287673950 -0.132149756 5.666010380 0.003205479 0.713126123 -0.001800087 0.701026082
20.167930 4.373234272 -0.134052053 5.664717674 0.001977259 0.712757349 -0.000161195 0.701407909
20.271890 4.459553242 -0.134819910 5.663601398 0.000923502 0.712221682 0.001802466 0.701951683
20.375760 4.547044754 -0.136577636 5.662643433 0.000116823 0.712528706 0.002651247 0.701637983
20.479750 4.632856369 -0.137631416 5.662259579 -0.000998870 0.713275492 0.001702981 0.700880885
20.583640 4.720062256 -0.138612643 5.659975052 -0.000649228 0.713728786 0.001226550 0.700420737
20.687510 4.808852673 -0.139461339 5.658984184 0.000926524 0.714476109 0.000985476 0.699658513
20.791530 4.896871090 -0.140907079 5.656401634 0.002702991 0.715012908 0.001585108 0.699104190
20.895390 4.985295773 -0.141769961 5.655296326 0.003399743 0.715788960 0.002054531 0.698305309
20.999260 5.073281288 -0.142343491 5.653825760 0.003381615 0.716257155 0.003436834 0.697819710
21.103270 5.163166523 -0.144823283 5.650639534 0.003380619 0.716427326 0.005682675 0.697630346
21.207140 5.249655724 -0.146499574 5.650156975 0.003361145 0.716924429 0.006051506 0.697116494
21.311120 5.338981628 -0.147400349 5.644608021 0.004060411 0.716725409 0.004218826 0.697330952
21.415040 5.428003311 -0.149302319 5.645175934 0.005104093 0.717363834 0.001343805 0.696678698
21.519010 5.514195442 -0.151198268 5.643517971 0.005857843 0.717859507 -0.001725070 0.696161151
21.622900 5.602408409 -0.153460070 5.641376972 0.006379195 0.717993975 -0.005210327 0.696000576
21.726890 5.689544678 -0.155848026 5.638792992 0.006548244 0.718323827 -0.005751404 0.695654333
21.830760 5.773818016 -0.158523634 5.637806892 0.005599231 0.718451440 -0.002153055 0.695551276
21.934640 5.863820076 -0.161024779 5.634264469 0.003068164 0.718148708 0.001349952 0.695881605
22.038660 5.949672699 -0.163623542 5.632694721 0.000759728 0.717886209 0.004767252 0.696143746
22.142620 6.036629200 -0.163665563 5.630278111 0.002701973 0.716993451 0.004566709 0.697059691
22.246540 6.120469093 -0.165799871 5.625771999 0.005200610 0.715972185 0.004860621 0.698092461
22.350390 6.205803871 -0.167181969 5.624441624 0.006442967 0.715157270 0.004747397 0.698917747
22.454390 6.289854050 -0.169236988 5.624538898 0.006447673 0.714360416 0.003480328 0.699739635
22.558370 6.373609066 -0.170288324 5.624477386 0.007136469 0.713347018 0.001330025 0.700773418
22.662270 6.457331657 -0.172617033 5.623737335 0.007764929 0.711921096 -0.000483993 0.702216327
22.766140 6.540292740 -0.174905837 5.623899937 0.008547525 0.710903585 -0.002587098 0.703232765
22.870160 6.622650623 -0.178051174 5.624704838 0.006703586 0.709809065 -0.004206986 0.704349637
22.974020 6.706203461 -0.180564493 5.625446320 0.004881564 0.708570838 -0.004788526 0.705606520
23.078010 6.788204670 -0.182944447 5.625665188 0.001793145 0.706968665 -0.003645435 0.707233191
23.181990 6.870844364 -0.185153604 5.626750469 0.000058143 0.705567777 -0.001560686 0.708640695
23.285910 6.952166557 -0.187051922 5.628286839 -0.000892872 0.703687966 0.000314069 0.710508525
23.389770 7.034531593 -0.188048288 5.628739834 -0.000823420 0.701324821 0.000591820 0.712841094
23.493760 7.115404606 -0.189455122 5.630606651 -0.001185564 0.699145854 0.003086166 0.714971483
23.597640 7.196112156 -0.189604923 5.633639812 -0.001618277 0.696833670 0.001553528 0.717229247
23.701510 7.274311066 -0.191328466 5.638125420 -0.002688577 0.694756866 0.000119736 0.719239652
23.805540 7.352940083 -0.192572445 5.643163204 -0.002225864 0.692741275 -0.002160529 0.721179545
23.909390 7.430732727 -0.193744659 5.646893501 -0.000930217 0.690512717 -0.003242100 0.723312318
24.013390 7.510202408 -0.195324838 5.652233601 -0.000944940 0.688618779 -0.004105181 0.725111365
24.117270 7.588602066 -0.196377695 5.657318115 -0.003268384 0.686869085 -0.003046767 0.726767421
24.221270 7.666351795 -0.197880223 5.662474632 -0.004742391 0.684472799 -0.001508293 0.729021430
24.325140 7.744297981 -0.199844807 5.668571472 -0.005104466 0.682226658 -0.000236033 0.731122851
24.429140 7.820893288 -0.201129377 5.674302578 -0.003288817 0.679543912 -0.001008313 0.733626723
24.533020 7.895975113 -0.201793224 5.681856155 -0.000142406 0.676579654 -0.003297727 0.736362100
24.636890 7.972139835 -0.203038409 5.690042496 0.001140449 0.673326790 -0.003337584 0.739336550
24.740760 8.047385216 -0.204882726 5.698064327 0.000597014 0.669125676 -0.002076514 0.743146062
24.844640 8.123711586 -0.205902293 5.708203316 -0.001073701 0.664928675 0.000460448 0.746905982
24.948510 8.199154854 -0.206874371 5.718701363 -0.003943773 0.660344899 0.002890261 0.750946581
25.052390 8.275145531 -0.208210081 5.730257988 -0.005163397 0.655999660 0.004124196 0.754732251
25.156270 8.349693298 -0.209079683 5.744237423 -0.004940145 0.651842415 0.000634469 0.758338094
25.260140 8.423270226 -0.210103691 5.757140160 -0.002053216 0.647058547 -0.003169046 0.762430966
25.364010 8.497180939 -0.210164472 5.770085812 0.000609534 0.642018855 -0.004411439 0.766675889
25.467890 8.571489334 -0.212208852 5.785819054 -0.000414729 0.637384892 -0.001611494 0.770543814
25.571790 8.647265434 -0.213214740 5.801354885 -0.002991185 0.632668018 0.000635054 0.774417043
25.675640 8.722988129 -0.214031845 5.818206787 -0.004259070 0.627669573 0.003195695 0.778461635
25.779520 8.796972275 -0.214754701 5.835484982 -0.002889816 0.622470260 0.003150203 0.782631814
25.883390 8.871600151 -0.215464205 5.854035378 -0.000851562 0.617712080 0.001996438 0.786401331
25.987390 8.943743706 -0.216858670 5.874133110 0.002001275 0.614289165 -0.000055200 0.789078414
26.091270 9.019387245 -0.218698740 5.893352985 0.005217891 0.610904038 -0.000589242 0.791687250
26.195270 9.093047142 -0.220447570 5.913217545 0.005824629 0.607750833 -0.001420379 0.794105172
26.299290 9.167545319 -0.222256303 5.936408997 0.004256280 0.604547322 -0.003758932 0.796548963
26.403140 9.241516113 -0.224553451 5.957086086 0.003670427 0.600883484 -0.002651863 0.799323797
26.507020 9.318312645 -0.225515425 5.982472420 0.001658933 0.597901165 -0.000016735 0.801568151
26.611020 9.393607140 -0.226977840 6.005959511 -0.001286351 0.595016599 0.002990707 0.803706825
26.714890 9.469989777 -0.227987960 6.031908989 -0.006183101 0.592367887 0.001575642 0.805642307
26.818890 9.543810844 -0.229010746 6.057561398 -0.007648299 0.589881957 -0.002823732 0.807448268
26.922890 9.618290901 -0.230181247 6.082840443 -0.004402429 0.587415457 -0.004847156 0.809259057
27.026890 9.693123817 -0.230349422 6.107800007 0.000525919 0.585330188 -0.005146865 0.810778558
27.130890 9.767740250 -0.232083917 6.133753300 0.000311664 0.583685637 -0.005644471 0.811960042
27.234770 9.841937065 -0.234457836 6.161451817 -0.003319892 0.581797004 -0.005841466 0.813306332
27.338640 9.917134285 -0.235445648 6.188647270 -0.005135686 0.579387248 -0.005162292 0.815019906
27.442660 9.991928101 -0.237246111 6.213854790 -0.003263798 0.576901913 -0.004368725 0.816795230
27.546520 10.066840172 -0.238664672 6.242112160 -0.001155904 0.574807465 -0.006875930 0.818258941
27.650520 10.140096664 -0.239838660 6.269571304 0.001691465 0.572638571 -0.008875184 0.819758117
27.754390 10.213518143 -0.241502866 6.297507286 0.001885965 0.570500791 -0.010040790 0.821233511
27.858410 10.288498878 -0.244056612 6.327443123 -0.000355084 0.568782926 -0.009341625 0.822434545
27.962300 10.362537384 -0.246424973 6.355620384 -0.001510401 0.566717923 -0.009088358 0.823860288
28.066150 10.435950279 -0.248173535 6.385908604 -0.001947386 0.564712703 -0.009296662 0.825232923
28.170020 10.508382797 -0.249745816 6.416048050 -0.001006257 0.562840104 -0.009184410 0.826514184
28.274040 10.581938744 -0.252125025 6.445784569 -0.000313332 0.560882747 -0.008430704 0.827852309
28.377890 10.653640747 -0.254237086 6.476251602 -0.000406909 0.559019566 -0.007976777 0.829115987
28.481890 10.726264000 -0.256086826 6.506700516 -0.000841127 0.557064772 -0.008484223 0.830425262
28.585770 10.798006058 -0.257871449 6.537199020 -0.000978870 0.554992080 -0.008989410 0.831806481
28.689660 10.868412971 -0.260101825 6.567909241 0.001027133 0.552999020 -0.009620165 0.833125710
28.793670 10.939670563 -0.262655258 6.597812653 0.003345730 0.550822020 -0.010250278 0.834553063
28.897520 11.008050919 -0.265065610 6.627777100 0.004629467 0.549035072 -0.010881941 0.835715652
29.001520 11.077806473 -0.267171621 6.659619331 0.003116508 0.547446430 -0.009860276 0.836776853
29.105390 11.146146774 -0.269868553 6.690839291 -0.000636560 0.546020925 -0.007339596 0.837739170
29.209390 11.215648651 -0.271727592 6.721050739 -0.003584687 0.544563115 -0.003409962 0.838705301
29.313270 11.282519341 -0.272750437 6.751227379 -0.004715862 0.543280959 -0.001017633 0.839537084
29.417270 11.348009109 -0.274209350 6.781047821 -0.003459312 0.541849673 0.000234972 0.840468228
29.521140 11.410340309 -0.275340259 6.810861588 -0.002000250 0.540465593 -0.000779972 0.841363430
29.625020 11.472566605 -0.276867330 6.839606285 -0.000490121 0.539110899 -0.001113320 0.842233896
29.729040 11.532793045 -0.278307885 6.868157864 0.000073559 0.537857890 -0.001141573 0.843034744
29.832900 11.590879440 -0.278889835 6.896000862 0.001087389 0.536872029 -0.000469345 0.843662858
29.936770 11.647651672 -0.280041099 6.922794819 0.000721874 0.535673440 -0.000209672 0.844424844
30.040770 11.702570915 -0.281857967 6.950063229 0.000290743 0.534900427 0.000597744 0.844914854
30.144650 11.755187988 -0.283272654 6.974572182 0.000676828 0.533538043 0.001626280 0.845774233
30.248520 11.805957794 -0.283937693 6.999577045 0.001346407 0.532664061 0.002511099 0.846322000
30.352400 11.853591919 -0.284663200 7.022470474 0.002126671 0.531656265 0.002349895 0.846954286
30.456270 11.898983002 -0.284852773 7.046978951 0.003241056 0.531009972 0.000318104 0.847359300
30.560270 11.941853523 -0.284579873 7.070150852 0.005542483 0.530025125 -0.000516184 0.847963691
30.664040 11.983923912 -0.287022591 7.090173721 0.006929491 0.528133452 0.000167172 0.849133074
30.767900 12.023466110 -0.288540244 7.109842777 0.007958301 0.526069105 0.002302987 0.850401461
30.871790 12.062343597 -0.289538622 7.130297184 0.007262669 0.523466170 0.002535911 0.852011740
30.975650 12.097817421 -0.290121436 7.148950577 0.005781132 0.520355225 0.001533381 0.853928983
31.079540 12.131300926 -0.291014194 7.169465065 0.002914972 0.518056333 0.000771461 0.855341196
31.183270 12.163562775 -0.292954266 7.187934875 -0.000770731 0.515126050 0.001963202 0.857111812
31.287140 12.193726540 -0.292168021 7.205741882 -0.001779112 0.511838794 0.002974937 0.859074533
31.390900 12.222464561 -0.293006063 7.221323013 -0.001240406 0.507587314 0.005091763 0.861584365
31.494660 12.248244286 -0.293662310 7.236885071 -0.000862460 0.502654672 0.006613874 0.864461541
31.598390 12.273313522 -0.293833256 7.251792908 -0.000502576 0.496148527 0.008020389 0.868200481
31.702150 12.295618057 -0.294411272 7.268073559 -0.000783593 0.489162087 0.008125368 0.872154713
31.805770 12.316523552 -0.295046777 7.282180309 -0.001138844 0.480310529 0.007148243 0.877068639
31.909520 12.335079193 -0.296049207 7.298126221 -0.000020419 0.471106946 0.006294675 0.882053614
32.013150 12.352588654 -0.296769738 7.313200951 0.001958186 0.461238533 0.004475581 0.887262702
32.116900 12.368994713 -0.297290057 7.327458858 0.004276211 0.451366365 0.003132845 0.892322958
32.220650 12.384402275 -0.297643960 7.342215061 0.005266060 0.441400260 0.000479083 0.897294700
32.324400 12.399429321 -0.297234744 7.357440948 0.004833899 0.431309909 -0.003754996 0.902183115
32.428170 12.413666725 -0.298049152 7.373401642 0.004044425 0.420808047 -0.004936920 0.907127261
32.531770 12.430166245 -0.297224224 7.388420105 0.004586924 0.408859313 -0.003683400 0.912578464
32.635530 12.443457603 -0.298798174 7.404174805 0.003994829 0.397034287 -0.002001456 0.917792857
32.739270 12.457464218 -0.299439609 7.420643806 0.002876790 0.383632839 -0.001687770 0.923479676
32.842900 12.470245361 -0.299718738 7.438774109 0.000738090 0.369690657 -0.002869304 0.929150164
32.946650 12.481956482 -0.299048096 7.457417965 -0.000995344 0.356118411 -0.003736496 0.934432864
33.050400 12.494012833 -0.299429268 7.475618839 -0.002400324 0.341592103 -0.004348431 0.939835191
33.154020 12.505092621 -0.300050646 7.493993282 -0.003900602 0.327116698 -0.005784696 0.944958210
33.257770 12.514039993 -0.301059514 7.513260841 -0.006123285 0.313018352 -0.007592236 0.949696958
33.361650 12.524609566 -0.301866055 7.532476902 -0.007744140 0.297611535 -0.008462027 0.954618156
33.465270 12.533082008 -0.302346706 7.551889420 -0.007558468 0.282015651 -0.008317994 0.959343970
33.569020 12.542140961 -0.302945554 7.573378563 -0.006113410 0.265098393 -0.008818282 0.964161634
33.672790 12.551404953 -0.303169399 7.595646858 -0.004084596 0.246778935 -0.009504509 0.969016612
33.776420 12.560991287 -0.302355826 7.621887207 -0.002838439 0.226454213 -0.010170035 0.973964572
33.880040 12.568730354 -0.303448349 7.648054600 -0.003005067 0.205299258 -0.009879285 0.978644788
33.983650 12.575866699 -0.303749800 7.678114891 -0.002457480 0.183429331 -0.009794712 0.982981026
34.087400 12.582021713 -0.303406805 7.709204197 -0.001438254 0.159742787 -0.009956530 0.987107396
34.191020 12.586885452 -0.303300202 7.743183613 -0.000757569 0.135393336 -0.009860193 0.990742564
34.294770 12.589896202 -0.304017305 7.778781891 -0.001257927 0.110531360 -0.009657716 0.993824899
34.398420 12.592266083 -0.304159790 7.816608906 -0.002258608 0.084549591 -0.009271675 0.996373594
34.502140 12.593141556 -0.304155022 7.855322361 -0.003653318 0.058048833 -0.008104976 0.998274148
34.605900 12.592324257 -0.303526938 7.895846367 -0.004655825 0.031193532 -0.006801941 0.999479353
34.709660 12.589354515 -0.304484338 7.936830997 -0.005842546 0.004169919 -0.005059818 0.999961436
34.813400 12.582237244 -0.303486913 7.979357719 -0.006495841 -0.022111693 -0.004178343 0.999725640
34.917150 12.575440407 -0.300892860 8.025705338 -0.006681620 -0.048645694 -0.004517201 0.998783529
35.021020 12.564491272 -0.300739646 8.073070526 -0.007364842 -0.073841140 -0.003284135 0.997237384
35.124770 12.550373077 -0.300156057 8.121351242 -0.007914795 -0.098500378 -0.001667736 0.995104134
35.228670 12.535827637 -0.299258441 8.173547745 -0.008077587 -0.123657733 0.000643197 0.992291808
35.332520 12.516803741 -0.298731536 8.225623131 -0.008578768 -0.147275373 0.002311737 0.989055634
35.436400 12.494585037 -0.298665911 8.280440331 -0.009236339 -0.170097187 0.003989603 0.985375941
35.540420 12.468834877 -0.297536492 8.335834503 -0.009352360 -0.191165984 0.004829876 0.981501281
35.644400 12.439920425 -0.297219306 8.394363403 -0.009633055 -0.210562393 0.004965473 0.977520347
35.748650 12.408256531 -0.297036469 8.452921867 -0.009778769 -0.226531610 0.004746043 0.973943174
35.852770 12.372334480 -0.295555741 8.515054703 -0.009157932 -0.239786789 0.003784072 0.970775008
35.957050 12.335124969 -0.295133233 8.576787949 -0.008637223 -0.249864027 0.003028932 0.968237698
36.061290 12.296379089 -0.294641137 8.643637657 -0.008650868 -0.258424103 0.002189305 0.965990365
36.165670 12.255993843 -0.293880284 8.709648132 -0.008937134 -0.265045375 0.002536565 0.964191198
36.269900 12.213177681 -0.293235511 8.777987480 -0.009549075 -0.270901948 0.002830122 0.962555408
36.374170 12.169329643 -0.293286502 8.848698616 -0.010277313 -0.275760710 0.003318172 0.961165667
36.478420 12.121326447 -0.292305440 8.919622421 -0.010307864 -0.279385716 0.002461838 0.960120440
36.582670 12.073776245 -0.291821420 8.992250443 -0.010589000 -0.282809019 0.002268003 0.959115088
36.686900 12.025154114 -0.290757298 9.068164825 -0.010794670 -0.285774469 0.002394379 0.958233118
36.791110 11.973636627 -0.289783686 9.141705513 -0.010944212 -0.287446886 0.002460638 0.957730889
36.895150 11.921147346 -0.289014995 9.224107742 -0.011387539 -0.289303422 0.003028160 0.957164884
36.999490 11.867644310 -0.288916320 9.303174973 -0.011709783 -0.289678335 0.003033089 0.957047641
37.103550 11.813367844 -0.287090689 9.384910583 -0.011373281 -0.290275663 0.003296331 0.956869841
37.207650 11.757077217 -0.286798626 9.467456818 -0.011125612 -0.290496141 0.003836581 0.956803799
37.311780 11.697700500 -0.285132051 9.553694725 -0.010674745 -0.290879488 0.004292964 0.956690550
37.415890 11.640066147 -0.283436716 9.638825417 -0.010855200 -0.291263491 0.003967105 0.956573069
37.520030 11.579573631 -0.283373743 9.727324486 -0.012089015 -0.291602075 0.003075699 0.956458390
37.624150 11.520063400 -0.282418370 9.816181183 -0.012985641 -0.292237639 0.002585089 0.956254065
37.728150 11.458637238 -0.282226890 9.907322884 -0.013076805 -0.292792767 0.002411233 0.956083477
37.832280 11.395711899 -0.281588495 9.998845100 -0.012397297 -0.293094486 0.002967737 0.955998480
37.936280 11.332637787 -0.279920548 10.090604782 -0.011813196 -0.293462366 0.003837176 0.955889940
38.040280 11.267310143 -0.279224843 10.183562279 -0.012137918 -0.293563783 0.004940472 0.955849648
38.144280 11.202388763 -0.277473599 10.279633522 -0.011940335 -0.294176549 0.005995641 0.955657661
38.248280 11.136254311 -0.277826816 10.373489380 -0.011043392 -0.294563204 0.006422931 0.955546618
38.352280 11.068010330 -0.278375655 10.473984718 -0.009102405 -0.295481086 0.007135629 0.955278575
38.456150 11.000573158 -0.278355956 10.573431015 -0.007116895 -0.295923293 0.006416152 0.955163658
38.560150 10.929489136 -0.278375983 10.673368454 -0.006658037 -0.295787632 0.005861645 0.955212533
38.664150 10.859550476 -0.278696775 10.774650574 -0.007261522 -0.295742095 0.004906973 0.955227613
38.768150 10.787963867 -0.279361099 10.878945351 -0.008624318 -0.295814574 0.004416225 0.955196202
38.872030 10.717402458 -0.278539032 10.980876923 -0.009686913 -0.295724243 0.004241620 0.955214798
38.976020 10.646838188 -0.279069960 11.084218979 -0.011001957 -0.296122521 0.004585696 0.955075562
39.079900 10.575851440 -0.279186517 11.186702728 -0.011577970 -0.296284080 0.004619917 0.955018520
39.183930 10.504007339 -0.278559536 11.290289879 -0.011588684 -0.296276003 0.004829185 0.955019832
39.287780 10.431324005 -0.278540373 11.395460129 -0.011486469 -0.296524912 0.003751232 0.954948664
39.391750 10.358453751 -0.278059155 11.496744156 -0.012208207 -0.296352327 0.004127491 0.954991698
39.495830 10.288498878 -0.276797771 11.596350670 -0.012721892 -0.296145022 0.003790210 0.955050707
39.599580 10.213589668 -0.275829077 11.704778671 -0.012988569 -0.296763033 0.003561022 0.954856217
39.703630 10.144611359 -0.277225077 11.807882309 -0.012951198 -0.297142208 0.003108827 0.954740345
39.807870 10.072644234 -0.277450293 11.909722328 -0.012899241 -0.297412604 0.003560780 0.954655290
39.911280 10.000413895 -0.275741518 12.013309479 -0.012271684 -0.297960550 0.004118694 0.954490423
40.015280 9.930099487 -0.275265455 12.116051674 -0.012977879 -0.298729777 0.004719879 0.954237819
40.119140 9.856058121 -0.275594532 12.217798233 -0.012770957 -0.298908889 0.004258930 0.954186678
40.223030 9.786189079 -0.273396611 12.318507195 -0.012285936 -0.299336195 0.004484437 0.954058051
40.326930 9.712506294 -0.273844719 12.423285484 -0.011734924 -0.299867332 0.004216270 0.953899443
40.430770 9.639974594 -0.273265332 12.524935722 -0.011384467 -0.299882114 0.003335145 0.953902543
40.534990 9.567591667 -0.271521717 12.627200127 -0.011224832 -0.300029784 0.002472359 0.953860581
40.638670 9.496057510 -0.272805303 12.728399277 -0.011088671 -0.299404413 0.001564626 0.954060555
40.742540 9.424106598 -0.271567166 12.829683304 -0.010267575 -0.298647851 0.001743534 0.954306543
40.846410 9.353524208 -0.270548046 12.931456566 -0.009469375 -0.297863126 0.001706107 0.954560101
40.950400 9.283497810 -0.271691263 13.033514977 -0.009660935 -0.297160983 0.001507811 0.954777360
41.054600 9.213090897 -0.271851361 13.134313583 -0.010829125 -0.296398550 0.001899080 0.955001056
41.158230 9.140626907 -0.271024406 13.240066528 -0.013740435 -0.295842260 0.002558819 0.955134511
41.262460 9.070062637 -0.269134313 13.343557358 -0.017208269 -0.295429647 0.003042656 0.955204666
41.365930 8.998621941 -0.268578649 13.445267677 -0.018312842 -0.294761598 0.002901075 0.955390930
41.469820 8.928686142 -0.265825629 13.548303604 -0.015900172 -0.294983566 0.003744484 0.955362678
41.573580 8.857999802 -0.264625013 13.650594711 -0.013566622 -0.295035869 0.004276852 0.955380261
41.677410 8.787647247 -0.263976574 13.753340721 -0.013663369 -0.294996470 0.004353205 0.955390751
41.781210 8.717187881 -0.262976021 13.855834961 -0.015005171 -0.295194596 0.003494395 0.955312908
41.885060 8.647045135 -0.262216389 13.958040237 -0.015896382 -0.295348912 0.003794778 0.955249667
41.988800 8.576955795 -0.260888696 14.059808731 -0.015170415 -0.295604259 0.004406900 0.955179811
42.092740 8.506796837 -0.259943038 14.161188126 -0.014474161 -0.295958310 0.004790840 0.955079198
42.196450 8.435598373 -0.259542972 14.263463974 -0.015151994 -0.296395779 0.004261891 0.954935491
42.300170 8.365528107 -0.257884979 14.365309715 -0.016966341 -0.296760291 0.003785370 0.954793751
42.404080 8.294736862 -0.256305665 14.466260910 -0.018508406 -0.296963215 0.003954975 0.954701304
42.507790 8.225143433 -0.255170286 14.567897797 -0.018930314 -0.297464877 0.004077775 0.954536378
42.611550 8.153015137 -0.254831493 14.663280487 -0.018399250 -0.296790957 0.004287062 0.954755604
42.715290 8.087841034 -0.249992579 14.764497757 -0.017279249 -0.298128486 0.005685767 0.954352438
42.819190 8.018330574 -0.249878302 14.864595413 -0.016839536 -0.298259318 0.004889247 0.954323769
42.922920 7.948946476 -0.247460708 14.962272644 -0.016049968 -0.297726572 0.004137641 0.954507291
43.026850 7.880565643 -0.243975952 15.060964584 -0.015191412 -0.297438771 0.003965104 0.954611778
43.130550 7.810248375 -0.244476482 15.159172058 -0.015324068 -0.296916008 0.002953675 0.954776049
43.234430 7.743005753 -0.244885474 15.256530762 -0.015773993 -0.296544671 0.002034780 0.954886556
43.338330 7.673601627 -0.242460772 15.356153488 -0.015658759 -0.296217889 0.002677439 0.954988241
43.442050 7.605038643 -0.240592763 15.452678680 -0.014751891 -0.295760542 0.002393927 0.955145180
43.545910 7.538084507 -0.241224289 15.550106049 -0.014289286 -0.295405984 0.002127826 0.955262601
43.649770 7.469922543 -0.240571916 15.647018433 -0.014297792 -0.294948637 0.002223050 0.955403566
43.753650 7.405251503 -0.238782465 15.744943619 -0.015631463 -0.294925243 0.004325679 0.955382705
43.857500 7.339745998 -0.238918215 15.841381073 -0.015996244 -0.294763327 0.004065369 0.955427706
43.961280 7.276097298 -0.237022713 15.935451508 -0.014623282 -0.294664651 0.004992037 0.955475807
44.065190 7.211194038 -0.236065954 16.031982422 -0.012784933 -0.294630229 0.005807327 0.955508173
44.169050 7.147130489 -0.236082003 16.123723984 -0.012087568 -0.293901324 0.006683842 0.955735981
44.272790 7.084353924 -0.236184418 16.217247009 -0.012237910 -0.293705463 0.005321000 0.955802858
44.376660 7.019111633 -0.235023499 16.310241699 -0.012505052 -0.293388635 0.005030829 0.955898225
44.480540 6.957845211 -0.235408679 16.400932312 -0.012420872 -0.293615967 0.004664485 0.955831409
44.584310 6.896292686 -0.235793948 16.490299225 -0.012153686 -0.293501377 0.004658753 0.955870032
44.688220 6.834254742 -0.235040158 16.580059052 -0.012231158 -0.293360144 0.005307696 0.955909014
44.792180 6.775989532 -0.236047268 16.666252136 -0.012111706 -0.293480098 0.004797592 0.955876470
44.895870 6.718274593 -0.236325383 16.752119064 -0.012091353 -0.293572426 0.004032379 0.955851853
44.999710 6.658777714 -0.235489115 16.836479187 -0.011719196 -0.293501079 0.003815424 0.955879271
45.103550 6.602303028 -0.235661626 16.920984268 -0.012340587 -0.293715656 0.003936838 0.955805063
45.207330 6.544398785 -0.235544264 17.004150391 -0.013309392 -0.293586522 0.003612738 0.955833018
45.311220 6.489628315 -0.235606849 17.085216522 -0.014599482 -0.293901533 0.003515326 0.955717742
45.415240 6.434297085 -0.233296841 17.167455673 -0.015232416 -0.293935925 0.003856081 0.955695987
45.518940 6.381833076 -0.233042479 17.246467590 -0.015953124 -0.294374883 0.004255131 0.955547392
45.622980 6.328160763 -0.232800961 17.324878693 -0.016909730 -0.294532448 0.005491583 0.955476046
45.726540 6.277323723 -0.232109666 17.400381088 -0.016779071 -0.295095891 0.005775327 0.955302835
45.831090 6.223733902 -0.231609076 17.476371765 -0.017190412 -0.295413375 0.005880654 0.955196738
45.934310 6.173949718 -0.231572568 17.547527313 -0.017581558 -0.295902878 0.007350903 0.955027938
46.038180 6.123183250 -0.230532169 17.621490479 -0.016970262 -0.297264129 0.007704374 0.954613388
46.142050 6.076453686 -0.229798853 17.689556122 -0.016767621 -0.299701899 0.009437567 0.953838885
46.245920 6.028039932 -0.228648752 17.760026932 -0.016774410 -0.303407669 0.010862399 0.952651262
46.349680 5.977100849 -0.228571743 17.827152252 -0.017208727 -0.307886630 0.012021845 0.951191485
46.453430 5.930284977 -0.227718711 17.891359329 -0.017729048 -0.313840568 0.013209895 0.949218273
46.557220 5.878440380 -0.226902276 17.955909729 -0.018164949 -0.320057660 0.014075485 0.947119296
46.660970 5.830068111 -0.226274133 18.016899109 -0.018706387 -0.328210860 0.015332879 0.944294751
46.764550 5.780197620 -0.226636618 18.075908661 -0.019543700 -0.337438613 0.017091932 0.940989435
46.868310 5.730201721 -0.226778820 18.132202148 -0.020328002 -0.348230332 0.018746668 0.937001050
46.971930 5.679130554 -0.225694746 18.185728073 -0.020609574 -0.360689789 0.019054087 0.932263374
47.075560 5.626143932 -0.226440653 18.236698151 -0.020877106 -0.374131560 0.017557278 0.926974356
47.179170 5.572943211 -0.226475209 18.282632828 -0.021128381 -0.388426095 0.015587454 0.921105742
47.282920 5.519190788 -0.226525530 18.327983856 -0.021112347 -0.404355675 0.013995765 0.914250970
47.386540 5.465393066 -0.226297453 18.369197845 -0.021067455 -0.421688467 0.012529904 0.906409383
47.490160 5.409362793 -0.225120321 18.407131195 -0.021915413 -0.440048367 0.012222140 0.897623420
47.593870 5.352383137 -0.224753693 18.440788269 -0.020953430 -0.460322946 0.009768059 0.887450457
47.697410 5.298295021 -0.225838214 18.469100952 -0.018910415 -0.480831712 0.006598300 0.876584113
47.801160 5.240857124 -0.225280255 18.495162964 -0.015063955 -0.501146793 0.002093402 0.865228593
47.904910 5.183948517 -0.226147339 18.517896652 -0.012250503 -0.521092415 -0.001049526 0.853411674
48.008600 5.125200272 -0.226950258 18.539430618 -0.009194309 -0.541624010 -0.002994099 0.840565264
48.112290 5.066330433 -0.226482123 18.557674408 -0.008173087 -0.562329054 -0.003225027 0.826866865
48.216060 5.007215023 -0.226767600 18.573652267 -0.008285791 -0.582933962 -0.003944985 0.812467694
48.319780 4.945970535 -0.225769743 18.587314606 -0.008953679 -0.603234231 -0.004499503 0.797501147
48.423630 4.884052277 -0.226209193 18.595548630 -0.008433063 -0.623089790 -0.008696857 0.782056510
48.527420 4.821611881 -0.224989116 18.601398468 -0.007386438 -0.642954648 -0.014211816 0.765736759
48.631190 4.760170937 -0.224260837 18.602088928 -0.008002910 -0.661889613 -0.016616475 0.749374390
48.734910 4.698347569 -0.222928867 18.604503632 -0.009378716 -0.681540906 -0.014849408 0.731569290
48.838780 4.637969017 -0.222917140 18.602865219 -0.012258249 -0.700182080 -0.011345192 0.713768959
48.942530 4.578430176 -0.221450791 18.596967697 -0.012337850 -0.718184471 -0.009339849 0.695680678
49.046410 4.520529747 -0.220914140 18.587604523 -0.012261633 -0.735498309 -0.008543707 0.677361727
49.150280 4.462042809 -0.220394075 18.574893951 -0.011561792 -0.752114654 -0.008113870 0.658881009
49.254030 4.406803131 -0.219828501 18.559762955 -0.012070633 -0.768544614 -0.007119392 0.639642656
49.357910 4.347801208 -0.217774168 18.543498993 -0.014163620 -0.784774125 -0.005170120 0.619598508
49.461780 4.290026665 -0.217320949 18.523572922 -0.015221998 -0.799204528 -0.004195987 0.600851774
49.565780 4.233771324 -0.216314748 18.498744965 -0.014349981 -0.812469482 -0.006231152 0.582793772
49.669780 4.175961494 -0.215520874 18.471963882 -0.015122979 -0.824538171 -0.008561118 0.565539300
49.773780 4.116487980 -0.214132905 18.443647385 -0.017614966 -0.835159123 -0.009508325 0.549643934
49.878030 4.057581425 -0.213148043 18.413694382 -0.020318180 -0.844206035 -0.009359442 0.535551786
49.982180 3.999073982 -0.211411983 18.381401062 -0.020598222 -0.852176249 -0.009712316 0.522758961
50.086410 3.943002224 -0.210424691 18.346630096 -0.020533776 -0.858701468 -0.010533541 0.511956155
50.190690 3.884658337 -0.208904594 18.310766220 -0.019958353 -0.864210188 -0.010725251 0.502620518
50.295050 3.825522423 -0.207243770 18.273269653 0.019562479 0.868462324 0.010848427 -0.495250285
50.399300 3.766304970 -0.206001252 18.234952927 0.018824397 0.871837020 0.010892227 -0.489312977
50.503680 3.706860065 -0.204209775 18.195877075 0.017754994 0.874517322 0.011009477 -0.484544098
50.608030 3.646056652 -0.203155339 18.155452728 0.016366594 0.876670301 0.010669420 -0.480694741
50.712390 3.583839893 -0.201228276 18.114284515 0.016161401 0.878411233 0.009883861 -0.477529943
50.816730 3.520678043 -0.199011296 18.071939468 0.016796118 0.879671931 0.009117231 -0.475196868
50.920920 3.455255985 -0.197929770 18.028480530 0.018251568 0.880658507 0.008289609 -0.473327398
51.025280 3.389465809 -0.196745872 17.982994080 0.016898636 0.881485462 0.008216802 -0.471837163
51.129530 3.323465824 -0.195701361 17.936250687 0.014588195 0.882084250 0.008810947 -0.470783234
51.233800 3.255247116 -0.193852097 17.888801575 0.013335077 0.882517755 0.009615006 -0.469991535
51.338030 3.184247494 -0.191306874 17.840274811 0.014666804 0.882523298 0.009399846 -0.469945908
51.442160 3.110458851 -0.189827263 17.791357040 0.017039122 0.882556260 0.008111664 -0.469827890
51.546400 3.036931515 -0.188662976 17.742214203 0.016823981 0.882358313 0.007776863 -0.470213056
51.650530 2.959374428 -0.187669620 17.688018799 0.014182686 0.882322907 0.006998983 -0.470378697
51.754650 2.884553909 -0.185536653 17.634984970 0.011833422 0.882082343 0.004289053 -0.470927089
51.858780 2.800758362 -0.183828205 17.579931259 0.010416948 0.882140756 0.002596908 -0.470863491
51.962780 2.718723297 -0.182540953 17.524501801 0.011324083 0.881957948 0.002149823 -0.471187145
52.066910 2.629914284 -0.181422532 17.467283249 0.011173004 0.881998539 0.003436754 -0.471107125
52.171030 2.541330338 -0.181085378 17.407154083 0.010005952 0.881925881 0.005842258 -0.471245736
52.275030 2.454798222 -0.179220915 17.346595764 0.008142908 0.881981194 0.007305982 -0.471157581
52.379030 2.361190319 -0.177847192 17.285045624 0.008585044 0.882022858 0.007996499 -0.471060514
52.483160 2.266778946 -0.176808804 17.220909119 0.009069551 0.882146358 0.009544580 -0.470791340
52.587160 2.171724319 -0.175140172 17.154872894 0.010769380 0.881787717 0.011287289 -0.471388400
52.691180 2.072805882 -0.173128933 17.088809967 0.009668904 0.881961584 0.012952647 -0.471044093
52.795150 1.974409103 -0.171173930 17.020345688 0.007466597 0.882133365 0.012580095 -0.470772445
52.899160 1.874554634 -0.167978451 16.954524994 0.006768140 0.882330835 0.011034374 -0.470451653
53.003160 1.770376205 -0.166365623 16.882989883 0.008704988 0.882413030 0.010666848 -0.470273972
53.107160 1.664405346 -0.163642928 16.812576294 0.010831172 0.882258654 0.012478115 -0.470474869
53.211180 1.559929848 -0.161801398 16.741640091 0.012844895 0.882192194 0.012971011 -0.470535547
53.315160 1.451650620 -0.159148514 16.668827057 0.013479185 0.882265329 0.012199614 -0.470401287
53.419160 1.345286846 -0.157909602 16.598026276 0.013938581 0.882275403 0.010195523 -0.470416695
53.523150 1.234099865 -0.154118747 16.522922516 0.014587130 0.882343292 0.007217993 -0.470324814
53.627040 1.123991489 -0.152782321 16.448341370 0.014203944 0.882233441 0.006217782 -0.470556885
53.731040 1.011623383 -0.150312036 16.370796204 0.013414852 0.881921470 0.006144151 -0.471165448
53.835050 0.899394512 -0.148363054 16.295946121 0.013951404 0.881843567 0.007105489 -0.471282125
53.938910 0.785943985 -0.146456599 16.218845367 0.014145948 0.881719530 0.009045722 -0.471475035
54.042910 0.674283028 -0.144020677 16.142642975 0.015307507 0.881458938 0.009790577 -0.471910894
54.146780 0.561021805 -0.142321408 16.067363739 0.017982615 0.881259501 0.009304905 -0.472198874
54.250800 0.445288181 -0.139575452 15.991613388 0.021376345 0.881124020 0.008082459 -0.472332656
54.354660 0.332653046 -0.137385160 15.914935112 0.023428608 0.880888402 0.008891355 -0.472660184
54.458660 0.216766357 -0.134174466 15.841356277 0.026632432 0.880924225 0.010503140 -0.472390622
54.562530 0.100928783 -0.131796002 15.766688347 0.029509464 0.881014466 0.012242684 -0.472009271
54.666410 -0.011033535 -0.127056062 15.691610336 0.029667081 0.880870223 0.010989314 -0.472299427
54.770420 -0.124413490 -0.123854369 15.616292000 0.027323520 0.880853713 0.007966685 -0.472532243
54.874290 -0.232970715 -0.121745169 15.542346954 0.024943272 0.880635381 0.004314411 -0.473117888
54.978530 -0.347840309 -0.118662477 15.466072083 0.024535904 0.880493522 0.002825836 -0.473414361
55.082040 -0.458834648 -0.117612541 15.393860817 0.025279734 0.880335212 0.003933668 -0.473661661
55.185920 -0.571122169 -0.115573108 15.319099426 0.026133163 0.880054653 0.004938267 -0.474127114
55.290780 -0.683741570 -0.113777161 15.245101929 0.026453691 0.879875183 0.005456669 -0.474436581
55.393730 -0.794887543 -0.111324728 15.171216965 0.025004240 0.879098654 0.006432398 -0.475940198
55.497680 -0.905137062 -0.108909041 15.098610878 0.023608590 0.877548695 0.007313421 -0.478850096
55.601700 -1.017801762 -0.107029676 15.027770996 0.022733655 0.875482619 0.008093282 -0.482646734
55.705670 -1.131261826 -0.104466870 14.958508492 0.022666041 0.872698545 0.007583188 -0.487674087
55.809690 -1.243257046 -0.102929920 14.891210556 0.023831304 0.869004846 0.007516483 -0.494172186
55.913810 -1.359958172 -0.098784134 14.825620651 -0.026054116 -0.864544451 -0.007734861 0.501821041
56.017930 -1.476001740 -0.097066879 14.764072418 -0.027863013 -0.859266281 -0.008474254 0.510698974
56.122050 -1.591207504 -0.093526021 14.703613281 -0.028746588 -0.852660060 -0.008448810 0.521606386
56.226190 -1.711090565 -0.089435399 14.650970459 -0.030141700 -0.845457375 -0.007197910 0.533142984
56.330510 -1.830807447 -0.084260002 14.600070000 -0.031305026 -0.836811423 -0.006700675 0.546554506
56.434670 -1.955713272 -0.081288606 14.550719261 -0.032572612 -0.827665329 -0.006087950 0.560242832
56.538940 -2.080545902 -0.078197971 14.508201599 -0.032972880 -0.818479717 -0.005009233 0.573566616
56.643030 -2.200279713 -0.075390577 14.468284607 -0.031320047 -0.808821023 -0.000433377 0.587220073
56.747290 -2.321934223 -0.071383916 14.430748940 -0.027560741 -0.798621714 0.003492523 0.601191759
56.851430 -2.446394444 -0.070730075 14.402183533 -0.024759917 -0.788905621 0.005006097 0.613995016
56.955550 -2.573205471 -0.067535445 14.372174263 -0.022292525 -0.778853893 0.003898965 0.626796961
57.059650 -2.698245049 -0.069584690 14.349987030 -0.021847153 -0.769847155 0.003361730 0.637845397
57.163560 -2.825462341 -0.068536274 14.329314232 -0.021756409 -0.761498809 0.004542060 0.647785187
57.267470 -2.953530073 -0.066269763 14.311978340 -0.021905843 -0.754405558 0.006557171 0.656010270
57.371290 -3.082556725 -0.066222318 14.296857834 -0.022095382 -0.747975349 0.005603116 0.663334966
57.475150 -3.215297937 -0.065254644 14.283576012 -0.022846282 -0.741572738 0.002523500 0.670478582
57.579070 -3.349234581 -0.063353591 14.272484779 -0.023613112 -0.735230386 0.001843750 0.677403390
57.682930 -3.483803749 -0.061176836 14.265417099 -0.023375088 -0.729390860 0.002034308 0.683694661
57.786690 -3.616707325 -0.059143238 14.258296013 -0.021361679 -0.723667979 0.003220181 0.689810097
57.890570 -3.752445936 -0.058087140 14.253058434 -0.021428052 -0.718687594 0.005513443 0.694980979
57.994890 -3.889603615 -0.054514050 14.254228592 -0.024679739 -0.715330899 0.006736725 0.698317468
58.098070 -4.032061577 -0.053027138 14.249840736 -0.030021880 -0.712505281 0.005083664 0.701005757
58.201850 -4.174095631 -0.048831448 14.250431061 -0.034177620 -0.711505413 0.003273473 0.701841295
58.305440 -4.315773487 -0.044740632 14.247375488 -0.033770736 -0.710787892 0.002727479 0.702589929
58.409230 -4.457695007 -0.041059732 14.244544983 -0.031678230 -0.710567236 0.002406226 0.702911675
58.512810 -4.602506161 -0.036658242 14.240893364 -0.028110232 -0.710250258 0.002023252 0.703384876
58.616560 -4.748504162 -0.033067420 14.237604141 -0.024407310 -0.710208416 -0.000225460 0.703568220
58.720450 -4.896033764 -0.030339852 14.233906746 -0.022805637 -0.710179985 -0.002021157 0.703647733
58.824030 -5.046868801 -0.025862515 14.230941772 -0.022663470 -0.710460365 -0.003362741 0.703364134
58.927820 -5.197195530 -0.022086620 14.229296684 -0.022387132 -0.710657120 -0.004950829 0.703164756
59.031700 -5.348171711 -0.017678156 14.226552010 -0.022497183 -0.711051762 -0.005112251 0.702761114
59.135420 -5.502883434 -0.013130650 14.225574493 -0.021284150 -0.711835921 -0.005175574 0.702004135
59.239170 -5.658008099 -0.010078013 14.221456528 -0.020394452 -0.712022245 -0.005033766 0.701842606
59.343070 -5.815146446 -0.007146493 14.218294144 -0.018560428 -0.712318659 -0.005610839 0.701588273
59.446780 -5.971144199 -0.002940267 14.216354370 -0.017244598 -0.712426782 -0.005978405 0.701508999
59.550680 -6.129842758 -0.000937015 14.212049484 -0.016452597 -0.711777925 -0.007127470 0.702175736
59.654550 -6.288618565 0.001540780 14.209964752 -0.016233152 -0.711309671 -0.007991819 0.702645838
59.758420 -6.448968887 0.004876226 14.208267212 -0.016317222 -0.710823238 -0.008085871 0.703134894
59.862460 -6.605441570 0.007449836 14.204822540 -0.015835535 -0.710266113 -0.008626830 0.703702211
59.965990 -6.763709545 0.010050327 14.201478958 -0.016543053 -0.709721863 -0.009445839 0.704224408
60.069690 -6.920729637 0.013329163 14.199816704 -0.017136099 -0.709606528 -0.010160628 0.704316437
60.173450 -7.079415321 0.015966505 14.197619438 -0.017424909 -0.709031761 -0.011362974 0.704869568
60.277190 -7.235393047 0.019086659 14.199261665 -0.016786238 -0.709177196 -0.011108105 0.704742908
60.381050 -7.393701553 0.021990210 14.192968369 -0.015670972 -0.708273590 -0.010386128 0.705687642
60.484800 -7.550401211 0.025908634 14.192429543 -0.014628044 -0.708197713 -0.010257725 0.705788016
60.588540 -7.708805084 0.027227387 14.191765785 -0.014845653 -0.707805812 -0.010456969 0.706173658
60.692600 -7.863026142 0.030415833 14.189605713 -0.015018187 -0.706978559 -0.011123254 0.706987977
60.797000 -8.018902779 0.033279806 14.189276695 -0.015168009 -0.706220210 -0.012271964 0.707723320
60.900200 -8.177409172 0.037709415 14.189354897 -0.014042826 -0.704960585 -0.012148960 0.709003389
61.003920 -8.332132339 0.039835840 14.189399719 -0.013800844 -0.703928888 -0.012114530 0.710033000
61.107700 -8.486925125 0.040292799 14.192961693 -0.012152932 -0.702770829 -0.013048020 0.711192787
61.211580 -8.641563416 0.047076523 14.198827744 -0.014302621 -0.702380717 -0.011723635 0.711561203
