1305031103.843251 -0.003461180 -0.024471827 -0.092230648 -0.010996282 -0.028625064 -0.004598933 0.999519169
1305031103.875361 -0.005055545 -0.034232695 -0.106662005 -0.019050796 -0.030993348 -0.007384989 0.999310732
1305031103.911221 -0.007100909 -0.035638444 -0.115728229 -0.016539998 -0.033650335 -0.011231147 0.999233663
1305031103.943211 -0.005526052 -0.036303539 -0.140635982 -0.012774918 -0.037247065 -0.011674631 0.999156237
1305031103.975373 -0.001317320 -0.050596826 -0.160313532 -0.015864722 -0.040791854 -0.010796377 0.998983383
1305031104.011232 0.004298445 -0.054821815 -0.172427669 -0.011975404 -0.042580146 -0.011659866 0.998953223
1305031104.043249 0.008583449 -0.053936116 -0.176880479 -0.005070089 -0.040075570 -0.013783483 0.999088705
1305031104.075425 0.010752464 -0.053035583 -0.191200271 -0.000792208 -0.035777744 -0.016540023 0.999222577
1305031104.111235 0.015537076 -0.059609544 -0.205054685 0.000738655 -0.031307641 -0.017470097 0.999356866
1305031104.143230 0.012393708 -0.061911680 -0.219297171 0.005734687 -0.024642931 -0.018646820 0.999505937
1305031104.175424 0.008332036 -0.058519315 -0.221022636 0.010017281 -0.020310741 -0.019878728 0.999545872
1305031104.211283 0.008815587 -0.062946849 -0.234418541 0.013324268 -0.018022317 -0.019826818 0.999552131
1305031104.243196 0.008610502 -0.063264281 -0.254457176 0.019091127 -0.015505910 -0.019944455 0.999498546
1305031104.275546 0.008985567 -0.064142987 -0.268700808 0.023437409 -0.012874762 -0.020804603 0.999425828
1305031104.311219 0.010213263 -0.063737258 -0.280070305 0.027527181 -0.010113516 -0.020880252 0.999351799
1305031104.343342 0.012747961 -0.065487921 -0.300231785 0.030795053 -0.006481087 -0.020321719 0.999298096
1305031104.375837 0.010694073 -0.063517652 -0.311581820 0.033320617 -0.001200950 -0.020140799 0.999241054
1305031104.411509 0.007339178 -0.064766549 -0.322507143 0.034334294 0.003389788 -0.019826086 0.999207973
1305031104.443288 0.002397662 -0.063987277 -0.333337009 0.034834359 0.005776321 -0.019250631 0.999190986
1305031104.475456 -0.001043645 -0.062687747 -0.327889830 0.034077607 0.004796129 -0.018542662 0.999235630
1305031104.511329 -0.000253037 -0.066292256 -0.337071568 0.034009509 0.001492959 -0.017024316 0.999275386
1305031104.543368 0.001137018 -0.065662600 -0.338823140 0.037317619 -0.001106402 -0.016231339 0.999171019
1305031104.575343 0.008670169 -0.070365272 -0.347802222 0.040593352 -0.002692685 -0.015182661 0.999056756
1305031104.611336 0.006753849 -0.077458158 -0.351260126 0.048538279 0.003378983 -0.015467421 0.998695850
1305031104.643243 0.006430291 -0.073440894 -0.363544047 0.061329946 0.011246940 -0.015640752 0.997931600
1305031104.675525 0.015289359 -0.081240356 -0.371202022 0.070543788 0.016382871 -0.013602302 0.997281373
1305031104.711277 0.008996362 -0.082119361 -0.383955717 0.083997399 0.025523463 -0.012001828 0.996066749
1305031104.743280 0.012614945 -0.079040222 -0.396006048 0.097641237 0.031508163 -0.010422987 0.994668126
1305031104.775327 0.012525551 -0.074499637 -0.405984133 0.110555694 0.038604219 -0.007223746 0.993093610
1305031104.811465 0.014016293 -0.069340378 -0.407595783 0.122306094 0.044540863 -0.004627543 0.991481662
1305031104.843258 0.008856226 -0.061513424 -0.409702897 0.132050291 0.052328698 -0.002251454 0.989858270
1305031104.875350 0.004815437 -0.055521272 -0.417250246 0.138186872 0.056013711 -0.000585039 0.988820732
1305031104.911534 0.011789091 -0.055976503 -0.413777351 0.139891252 0.054853369 0.002839063 0.988642216
1305031104.943262 0.010462750 -0.052311242 -0.410823226 0.141652554 0.055870224 0.003230835 0.988333225
1305031104.975202 0.010330580 -0.047652036 -0.408560157 0.140807882 0.055042822 0.004404745 0.988495827
1305031105.011290 0.011355374 -0.045559421 -0.401751369 0.136405677 0.054272283 0.004413991 0.989155471
1305031105.043373 0.008223355 -0.040198244 -0.393005580 0.131826624 0.054840576 0.003012804 0.989750028
1305031105.075320 0.009246130 -0.040891089 -0.382772833 0.124684609 0.053891260 0.001400997 0.990730822
1305031105.111299 0.007640794 -0.045431726 -0.371346772 0.118039094 0.053324029 -0.000436986 0.991576076
1305031105.143106 0.002275012 -0.036589161 -0.362769008 0.113950036 0.052021220 -0.002998946 0.992119014
1305031105.175159 -0.001975991 -0.035874374 -0.347434461 0.100658804 0.050129130 -0.006487967 0.993636131
1305031105.211268 -0.003960170 -0.045407899 -0.337580681 0.086759359 0.046672031 -0.007370269 0.995108128
1305031105.243270 -0.009562878 -0.042219177 -0.323015392 0.079261787 0.042440314 -0.009446177 0.995905221
1305031105.275288 -0.012665403 -0.039861303 -0.314703137 0.069298953 0.036919344 -0.011647876 0.996844471
1305031105.311290 -0.011283883 -0.038265083 -0.309133321 0.060203459 0.028302805 -0.012126253 0.997711062
1305031105.343302 -0.005877941 -0.046447843 -0.291495025 0.049684960 0.019483903 -0.011369999 0.998510122
1305031105.375338 -0.005733371 -0.049719475 -0.277418643 0.045371298 0.014249912 -0.011460813 0.998802781
1305031105.411286 -0.011539307 -0.039887164 -0.271939605 0.043075632 0.011680582 -0.012807358 0.998921394
1305031105.443316 -0.010865800 -0.046004299 -0.248350516 0.034267765 0.007592302 -0.013578703 0.999291599
1305031105.475280 -0.009476146 -0.045142278 -0.233949125 0.031176504 0.003522184 -0.013473392 0.999416888
1305031105.511332 -0.007097449 -0.044380821 -0.220328391 0.026691534 0.000110775 -0.013042116 0.999558628
1305031105.543282 -0.006986721 -0.047356028 -0.206181049 0.022014460 -0.000598369 -0.012216954 0.999682844
1305031105.575449 -0.007481466 -0.047322199 -0.201913878 0.019412249 -0.001980403 -0.011598568 0.999742329
1305031105.611378 -0.004992208 -0.050952386 -0.187413886 0.015786817 -0.003678536 -0.010691976 0.999811471
1305031105.643273 -0.006296242 -0.050701000 -0.174227461 0.015370251 -0.003676825 -0.008039309 0.999842823
1305031105.675166 -0.003008282 -0.049466453 -0.161014125 0.013857296 -0.005594827 -0.006682499 0.999866009
1305031105.711309 0.001131690 -0.053194366 -0.146466225 0.013668648 -0.004267849 -0.007131520 0.999872029
1305031105.743312 0.001575536 -0.046956006 -0.133342981 0.017140312 -0.000144394 -0.006501030 0.999831975
1305031105.775339 0.006037534 -0.050650243 -0.119598605 0.015154039 0.003148035 -0.006159759 0.999861240
1305031105.811283 0.007060313 -0.049907207 -0.105711579 0.016746350 0.007797759 -0.004938831 0.999817193
1305031105.843271 0.010044281 -0.048849393 -0.092450939 0.018183550 0.010800780 -0.003479502 0.999770284
1305031105.875337 0.011989547 -0.042842172 -0.079463415 0.020387173 0.015428848 -0.001492890 0.999671996
1305031105.911262 0.013662932 -0.040504590 -0.065873109 0.017899759 0.018901743 0.003680638 0.999654353
1305031105.943272 0.012567204 -0.035724174 -0.053320367 0.016619613 0.023118168 0.006110243 0.999575913
1305031105.975329 0.013473044 -0.032583121 -0.041051399 0.012620480 0.024950972 0.008061723 0.999576509
1305031106.011285 0.014519876 -0.029890740 -0.028139850 0.008582712 0.027191270 0.009771828 0.999545634
1305031106.043355 0.012866016 -0.027577549 -0.017327899 0.004219946 0.030053370 0.011172134 0.999476969
1305031106.075330 0.013509139 -0.025088558 -0.005529565 0.000239870 0.030280739 0.013379139 0.999451816
1305031106.111327 0.011515020 -0.018677248 0.005871073 -0.003195012 0.031043485 0.013905635 0.999416173
1305031106.143355 0.010020440 -0.018076085 0.016558291 -0.010312827 0.029874969 0.016230868 0.999368608
1305031106.175534 0.009612328 -0.017087623 0.026097819 -0.014317239 0.028258525 0.017178435 0.999350488
1305031106.211275 0.007986044 -0.017911606 0.031228524 -0.017927974 0.027202090 0.017754475 0.999311447
1305031106.243267 0.006616000 -0.015362673 0.038727898 -0.017422844 0.026053190 0.021082932 0.999286354
1305031106.276385 0.006186238 -0.010512884 0.044633090 -0.017745297 0.024315491 0.022063978 0.999303281
1305031106.311238 0.006135421 -0.007649841 0.050048415 -0.020955103 0.022944601 0.025299801 0.999196827
1305031106.343258 0.005920851 -0.003054733 0.054371256 -0.025250725 0.021436596 0.025853610 0.999116838
1305031106.375388 0.011452759 -0.002714267 0.055896081 -0.034894627 0.019251827 0.019236166 0.999020398
1305031106.411320 0.010334574 -0.007028912 0.058537584 -0.041868594 0.025946019 0.013749565 0.998691559
1305031106.443278 0.006191588 -0.011262445 0.056401648 -0.044163208 0.031203801 0.009262680 0.998493910
1305031106.475345 0.002474105 -0.013398198 0.052479614 -0.044373222 0.031830575 0.007704932 0.998478055
1305031106.511129 0.001393782 -0.017620094 0.046129473 -0.043944459 0.028459150 0.007873446 0.998597503
1305031106.543302 0.003334688 -0.018768251 0.036937464 -0.040329985 0.023068106 0.006745043 0.998897314
1305031106.575282 0.002248894 -0.020127309 0.026789667 -0.037287280 0.021691399 0.005258049 0.999055326
1305031106.611151 -0.000016939 -0.020220114 0.017215010 -0.036368642 0.019343536 0.001653956 0.999149859
1305031106.643207 0.000238420 -0.026667319 0.005592083 -0.038118057 0.016231544 -0.000525760 0.999141276
1305031106.675279 -0.003739167 -0.025760073 -0.007456309 -0.034948137 0.014364263 -0.000659119 0.999285698
1305031106.711508 -0.006884121 -0.029256467 -0.019571995 -0.037230209 0.009551754 -0.002025368 0.999258995
1305031106.743341 -0.007721497 -0.030301312 -0.033502605 -0.035194296 0.003051405 -0.002054795 0.999373734
1305031106.775390 -0.004800198 -0.031963162 -0.047647554 -0.034788072 -0.004521388 -0.002186992 0.999382079
1305031106.811289 -0.004514523 -0.029935885 -0.063193776 -0.033777550 -0.008692340 -0.002892653 0.999387383
1305031106.843416 -0.004972102 -0.037659083 -0.076472066 -0.036135171 -0.012627669 -0.004557210 0.999256730
1305031106.875905 -0.001851413 -0.041515820 -0.090276264 -0.031169927 -0.016288390 -0.008562492 0.999344707
1305031106.911243 -0.003264927 -0.038828790 -0.108904362 -0.026294250 -0.014770314 -0.012846197 0.999462545
1305031106.943439 -0.003008678 -0.043517742 -0.123166464 -0.025374332 -0.014009567 -0.017011112 0.999435067
1305031106.975547 -0.001956248 -0.049093906 -0.139077708 -0.020317340 -0.012559871 -0.020195896 0.999510646
1305031107.011576 -0.004392539 -0.044284813 -0.160275474 -0.012258400 -0.008522241 -0.024059560 0.999599040
1305031107.043281 -0.005390580 -0.048252288 -0.173820227 -0.013044045 -0.005941546 -0.026180100 0.999554455
1305031107.075432 -0.009168298 -0.054144319 -0.190008327 -0.009543250 -0.004171328 -0.027317870 0.999572575
1305031107.111229 -0.008245908 -0.052069150 -0.205681548 -0.004025789 -0.005348203 -0.027852481 0.999589622
1305031107.143260 -0.005431300 -0.050610159 -0.216406330 -0.002145883 -0.005427014 -0.027733559 0.999598324
1305031107.175399 -0.004685028 -0.057331420 -0.228507906 -0.001540082 -0.004230824 -0.028817171 0.999574542
1305031107.211358 -0.001552529 -0.062185109 -0.241420284 0.003669237 -0.003068562 -0.029918633 0.999540925
1305031107.243378 -0.001550954 -0.060126100 -0.259264529 0.011123730 0.000491351 -0.030263558 0.999479949
1305031107.275398 -0.002577549 -0.062762737 -0.264796078 0.015900087 0.004879250 -0.030853575 0.999385536
1305031107.311226 0.000758450 -0.067217961 -0.279678494 0.022411978 0.006698953 -0.031090686 0.999242842
1305031107.343509 0.003517244 -0.071252339 -0.292263448 0.032736000 0.009905349 -0.031273663 0.998925507
1305031107.375413 0.005249192 -0.065169387 -0.301767409 0.043300189 0.014501612 -0.031005481 0.998475552
1305031107.411271 0.007719728 -0.066809058 -0.309826314 0.049343452 0.018949686 -0.031707600 0.998098552
1305031107.443419 0.008100222 -0.062337212 -0.316455901 0.055998035 0.024082340 -0.031752791 0.997635186
1305031107.475377 0.010726592 -0.064084589 -0.319962114 0.058317687 0.028128194 -0.030312074 0.997441232
1305031107.511352 0.011987213 -0.057183579 -0.322151810 0.061520740 0.031667195 -0.029690480 0.997161388
1305031107.543605 0.014336079 -0.056818034 -0.313970327 0.058873948 0.034117498 -0.027550492 0.997301757
1305031107.575454 0.015662029 -0.061757348 -0.314300776 0.057611432 0.036216691 -0.024706466 0.997375965
1305031107.611271 0.018074047 -0.055699874 -0.314063460 0.059250198 0.037291493 -0.022856141 0.997284472
1305031107.643323 0.019513931 -0.054926854 -0.311352551 0.056183070 0.038423255 -0.021515355 0.997448862
1305031107.675568 0.019321974 -0.054606825 -0.309197992 0.054981072 0.039042681 -0.020980148 0.997503221
1305031107.711307 0.017616240 -0.050089378 -0.306328356 0.054786656 0.039333202 -0.019975783 0.997523069
1305031107.743538 0.014766781 -0.046311732 -0.305500388 0.052258328 0.038800716 -0.019734556 0.997684360
1305031107.775802 0.014707459 -0.048469681 -0.302485049 0.048530094 0.036180116 -0.021187730 0.997941315
1305031107.811596 0.016632101 -0.045853436 -0.300219238 0.046948206 0.033787634 -0.021175552 0.998101115
1305031107.843332 0.017485945 -0.045503490 -0.298515379 0.044310272 0.033508908 -0.021696795 0.998219907
1305031107.875358 0.024058111 -0.048891027 -0.296523452 0.042758953 0.033197686 -0.025128264 0.998217523
1305031107.911541 0.027655825 -0.050558563 -0.294981629 0.043138310 0.035909250 -0.026885986 0.998061478
1305031107.943122 0.033116989 -0.052373920 -0.294203937 0.044558391 0.038838532 -0.027272677 0.997878909
1305031107.975807 0.040335350 -0.053278908 -0.291069657 0.047040235 0.042669307 -0.026710046 0.997623742
1305031108.011320 0.048622765 -0.052734226 -0.289137393 0.050940111 0.046845384 -0.028308399 0.997200727
1305031108.043418 0.062342957 -0.051378347 -0.289952874 0.053607684 0.052260611 -0.025737191 0.996861398
1305031108.075352 0.069223464 -0.053502083 -0.287227154 0.054661810 0.061677031 -0.020546949 0.996386409
1305031108.111378 0.075681694 -0.055974938 -0.283635676 0.056736656 0.068136685 -0.020513235 0.995850146
1305031108.143334 0.090415001 -0.051733602 -0.280996442 0.060053296 0.070134640 -0.019084562 0.995545328
1305031108.176058 0.098478243 -0.045949761 -0.277323663 0.059926003 0.074175008 -0.015954591 0.995315254
1305031108.211475 0.107817322 -0.048105069 -0.272533208 0.054626800 0.075632565 -0.016479436 0.995501935
1305031108.243347 0.127813026 -0.054955937 -0.272731870 0.052169316 0.075932331 -0.018318998 0.995578766
1305031108.275358 0.137136787 -0.048036717 -0.269948751 0.054457985 0.080443785 -0.017939065 0.995108724
1305031108.311332 0.142126918 -0.045010380 -0.265921086 0.051311437 0.083066046 -0.016959803 0.995077670
1305031108.343278 0.148213714 -0.042854059 -0.263796151 0.046114199 0.082991920 -0.014692173 0.995374262
1305031108.375410 0.158224314 -0.040997200 -0.260870874 0.041731060 0.079131186 -0.008950136 0.995950103
1305031108.411361 0.169264227 -0.042294011 -0.259370565 0.036535162 0.075057693 -0.002924306 0.996505380
1305031108.443610 0.182119250 -0.040470302 -0.255946428 0.032946512 0.072709553 0.003961721 0.996800959
1305031108.475471 0.196591556 -0.043455880 -0.255393177 0.029396690 0.070786968 0.011884215 0.996987343
1305031108.511378 0.214044437 -0.049596030 -0.253412783 0.028443759 0.072228931 0.015198854 0.996866584
1305031108.543737 0.226755098 -0.053033013 -0.253435552 0.031472508 0.078560181 0.013783292 0.996317089
1305031108.575414 0.237804294 -0.042662844 -0.253497005 0.038393758 0.083188459 0.013568326 0.995701492
1305031108.611407 0.250590712 -0.043183893 -0.250003040 0.037918657 0.088795088 0.014324824 0.995224833
1305031108.643303 0.259284616 -0.038975924 -0.250642717 0.039026063 0.094396830 0.016339887 0.994635224
1305031108.675375 0.284772068 -0.032554224 -0.255868196 0.038276281 0.093484111 0.021195341 0.994658947
1305031108.711411 0.285837799 -0.036537834 -0.248300761 0.032499254 0.104661658 0.023832092 0.993690968
1305031108.743502 0.292922556 -0.038331039 -0.247706980 0.030592399 0.109683432 0.025447791 0.993169725
1305031108.775493 0.300595790 -0.037343107 -0.250265479 0.029851228 0.112748079 0.028317997 0.992771327
1305031108.811244 0.297395825 -0.042249776 -0.248532176 0.026597952 0.118502885 0.032098982 0.992078245
1305031108.843264 0.303691089 -0.041716531 -0.248701423 0.028682096 0.116954707 0.039344173 0.991943061
1305031108.876515 0.304330885 -0.041214772 -0.251627207 0.030746693 0.113892376 0.045279052 0.991984367
1305031108.911364 0.304799557 -0.043587718 -0.249777019 0.033401482 0.110373579 0.050726123 0.992032707
1305031108.943243 0.303734779 -0.043264613 -0.252307802 0.038861804 0.106583253 0.052502245 0.992155910
1305031108.975268 0.298081279 -0.038857780 -0.259128690 0.043481797 0.101104587 0.049744699 0.992679536
1305031109.011269 0.298472196 -0.039874651 -0.260207504 0.042324390 0.096981853 0.047618493 0.993245006
1305031109.043277 0.291366637 -0.040105186 -0.262328386 0.043422181 0.096525915 0.045443706 0.993343949
1305031109.075410 0.279870659 -0.035893664 -0.265202492 0.042252332 0.095822327 0.038349863 0.993761599
1305031109.111282 0.280432284 -0.035069995 -0.266462654 0.039333750 0.091309614 0.038289927 0.994308472
1305031109.143334 0.258203864 -0.040004607 -0.260717183 0.036850996 0.093679696 0.032580886 0.994386554
1305031109.175464 0.249264598 -0.035206646 -0.264668703 0.037750930 0.086598426 0.029234199 0.995098472
1305031109.211379 0.241079077 -0.021113675 -0.264496565 0.037189793 0.080628112 0.031414628 0.995554686
1305031109.243290 0.232459366 -0.021997282 -0.262969166 0.028528506 0.077274099 0.037353687 0.995901346
1305031109.275308 0.210400045 -0.041087836 -0.260867178 0.020323737 0.077874668 0.041181959 0.995904922
1305031109.311329 0.196237758 -0.034612894 -0.261556625 0.024941500 0.068570651 0.041206371 0.996482849
1305031109.343248 0.182685465 -0.029616892 -0.260891318 0.023647264 0.059576277 0.040330376 0.997128367
1305031109.375397 0.173078403 -0.032459449 -0.264661789 0.019646043 0.050551482 0.039040260 0.997764707
1305031109.411329 0.161901832 -0.029718686 -0.263527811 0.020027373 0.043375473 0.035170343 0.998238742
1305031109.443302 0.151319921 -0.023864951 -0.264469057 0.018035321 0.037850741 0.028481679 0.998714626
1305031109.475363 0.133843377 -0.032577131 -0.267860442 0.011409526 0.038677547 0.025644435 0.998857439
1305031109.511273 0.124365658 -0.033140142 -0.265609533 0.012020908 0.035325948 0.021482663 0.999072611
1305031109.543294 0.113707438 -0.029826324 -0.267007351 0.015786981 0.033106182 0.018607873 0.999153852
1305031109.575362 0.098459229 -0.027509468 -0.268916667 0.016672922 0.034058899 0.018129289 0.999116242
1305031109.611310 0.087054491 -0.025152601 -0.270352811 0.017157670 0.032253608 0.016207848 0.999201000
1305031109.643229 0.077602506 -0.022689875 -0.271094292 0.017107937 0.030542927 0.015373794 0.999268770
1305031109.675263 0.060814269 -0.021515300 -0.272694975 0.014580549 0.031938706 0.017755374 0.999225736
1305031109.711312 0.047366999 -0.018970862 -0.272999257 0.012284722 0.029054463 0.017260302 0.999353290
1305031109.743274 0.035541028 -0.019541042 -0.273751467 0.007358235 0.026239356 0.016000060 0.999500573
1305031109.775277 0.028949875 -0.021281350 -0.270152301 0.003624635 0.022716580 0.016586155 0.999597788
1305031109.811371 0.014144970 -0.017602865 -0.269239664 0.002460276 0.022821840 0.015794430 0.999611735
1305031109.843296 0.004813449 -0.015619813 -0.266285300 -0.000313720 0.019099699 0.015353057 0.999699652
1305031109.875306 -0.015215602 -0.015621764 -0.265172154 -0.004088889 0.018935315 0.012538908 0.999733746
1305031109.911265 -0.026500283 -0.019705255 -0.262131900 -0.006912175 0.013065406 0.007232098 0.999864578
1305031109.943299 -0.035784870 -0.012642670 -0.259561002 -0.006786903 0.009059207 0.003469597 0.999929905
1305031109.975258 -0.046370614 -0.013362348 -0.255697429 -0.011319239 0.006450379 -0.001065303 0.999914587
1305031110.011256 -0.058781501 -0.012147014 -0.251497209 -0.013529764 0.004468752 -0.008076875 0.999865890
1305031110.043299 -0.068934649 -0.012924900 -0.249267131 -0.016623924 0.003356855 -0.014662080 0.999748647
1305031110.075319 -0.084240258 -0.007775044 -0.244259357 -0.017058169 0.005197091 -0.020294635 0.999634981
1305031110.111325 -0.096481211 -0.009481417 -0.240921617 -0.022543237 0.003870046 -0.025191976 0.999420941
1305031110.143432 -0.108803049 -0.014363170 -0.238123998 -0.025506618 0.000879865 -0.028959891 0.999254704
1305031110.175641 -0.118525364 -0.008475154 -0.237372532 -0.025567746 -0.002761819 -0.029685680 0.999228418
1305031110.211637 -0.130649716 -0.011065778 -0.235843062 -0.030097777 -0.004751320 -0.032267351 0.999014676
1305031110.243323 -0.140372977 -0.011682739 -0.233095899 -0.030423496 -0.009023278 -0.031701632 0.998993456
1305031110.279321 -0.151139781 -0.015222025 -0.234672338 -0.030423867 -0.012347102 -0.032918189 0.998918593
1305031110.311404 -0.162770912 -0.013369012 -0.233868703 -0.027410001 -0.014963391 -0.035418645 0.998884499
1305031110.343355 -0.170783624 -0.011100687 -0.232400760 -0.026324835 -0.020675430 -0.035794489 0.998798430
1305031110.379281 -0.184372261 -0.010353018 -0.233928069 -0.025252344 -0.024494415 -0.040184770 0.998572767
1305031110.411469 -0.194693431 -0.005030854 -0.234976023 -0.023955200 -0.030763425 -0.043214891 0.998304665
1305031110.443260 -0.208283514 -0.001638344 -0.234555319 -0.027503410 -0.034825038 -0.046793528 0.997918427
1305031110.479331 -0.219927579 -0.006212316 -0.233149409 -0.032126050 -0.041203994 -0.052859060 0.997234225
1305031110.511429 -0.230775535 -0.005448693 -0.233924001 -0.032785151 -0.048098244 -0.057360902 0.996655166
1305031110.543408 -0.240608335 -0.000502424 -0.234938517 -0.033225052 -0.054050878 -0.060847085 0.996128619
1305031110.579426 -0.248844638 0.004470611 -0.233306691 -0.036536124 -0.059826739 -0.065533988 0.995384932
1305031110.611307 -0.255299926 -0.000669764 -0.228467643 -0.042536244 -0.064711094 -0.070185453 0.994523585
1305031110.643418 -0.259478480 -0.003507409 -0.228089616 -0.042062748 -0.067397214 -0.072632298 0.994189560
1305031110.679606 -0.264937282 0.003520768 -0.230508849 -0.040313378 -0.070040390 -0.074014634 0.993977368
1305031110.711412 -0.268616855 0.001274098 -0.227316126 -0.044548005 -0.072632156 -0.075352803 0.993509948
1305031110.743249 -0.275426358 -0.000370204 -0.227549314 -0.045749459 -0.073567636 -0.077068627 0.993254840
1305031110.779193 -0.277477413 0.000433043 -0.229083091 -0.045621362 -0.075595677 -0.077459857 0.993078053
1305031110.811386 -0.289198399 0.001327550 -0.228955403 -0.046412379 -0.072381191 -0.079850651 0.993091464
1305031110.843218 -0.291416258 0.002383722 -0.227790043 -0.047550891 -0.074402258 -0.081811763 0.992728591
1305031110.879313 -0.290722311 0.002748042 -0.226859942 -0.047308337 -0.076668791 -0.081852749 0.992564321
1305031110.911333 -0.290748656 0.001590665 -0.228017285 -0.048641779 -0.077592432 -0.082163543 0.992402434
1305031110.943862 -0.286691934 0.004413076 -0.225665361 -0.047376603 -0.080250263 -0.083699472 0.992123842
1305031110.979345 -0.277769685 0.006211516 -0.225600168 -0.047175691 -0.080781914 -0.084699929 0.992005408
1305031111.011431 -0.267996103 0.001842780 -0.225942090 -0.050194789 -0.078074060 -0.082337826 0.992272854
1305031111.043327 -0.266651928 0.002033340 -0.227142304 -0.049055725 -0.070627362 -0.080497533 0.993038476
1305031111.079283 -0.260960698 0.006433865 -0.226608232 -0.049344011 -0.067459375 -0.078051105 0.993439734
1305031111.111508 -0.252030671 0.002542179 -0.223069936 -0.051549088 -0.066238411 -0.074638292 0.993672132
1305031111.143257 -0.243839264 -0.000154778 -0.222586274 -0.050491109 -0.063781023 -0.073726587 0.993955255
1305031111.179326 -0.224777684 0.002658978 -0.218852982 -0.046157498 -0.064181477 -0.072643384 0.994219899
1305031111.211433 -0.214771047 0.000891356 -0.223336041 -0.045015275 -0.055828709 -0.068066537 0.995099843
1305031111.243236 -0.209121749 -0.005648842 -0.225581720 -0.046626795 -0.052152440 -0.067791231 0.995243907
1305031111.279308 -0.191463023 -0.008719401 -0.223705024 -0.042955220 -0.053784888 -0.064993002 0.995508909
1305031111.311547 -0.188360110 -0.004870337 -0.233431622 -0.038681868 -0.045805395 -0.061404683 0.996310711
1305031111.343397 -0.175115421 -0.001148248 -0.229621917 -0.040645830 -0.050441489 -0.062701762 0.995927751
1305031111.379134 -0.156852752 -0.008341175 -0.223164886 -0.041398473 -0.055389464 -0.058831371 0.995869994
1305031111.411296 -0.154643103 -0.002067164 -0.226948440 -0.034347657 -0.052966584 -0.058835775 0.996269643
1305031111.443386 -0.131970346 -0.005267010 -0.223508060 -0.035873313 -0.062456507 -0.062956467 0.995413899
1305031111.479259 -0.107870594 -0.003758933 -0.210860074 -0.030669939 -0.061650373 -0.062238213 0.995683193
1305031111.511264 -0.100319728 -0.008906359 -0.220052421 -0.028405350 -0.048218634 -0.061882220 0.996513307
1305031111.543250 -0.086238265 -0.012944715 -0.219160274 -0.025416465 -0.043197002 -0.060429323 0.996913433
1305031111.579237 -0.074477434 -0.012433114 -0.227338985 -0.021977711 -0.033395238 -0.052562363 0.997817099
1305031111.611271 -0.073044524 -0.015586196 -0.233224288 -0.023994183 -0.025491018 -0.045730557 0.998340189
1305031111.643395 -0.049909741 -0.024686292 -0.228300601 -0.022927368 -0.031084936 -0.037782926 0.998539150
1305031111.679320 -0.028259251 -0.018509535 -0.231783912 -0.015970727 -0.026919110 -0.028756049 0.999096274
1305031111.711760 -0.014516433 -0.021399839 -0.233164847 -0.016340936 -0.019588944 -0.027971895 0.999283135
1305031111.743386 0.009568176 -0.026475672 -0.231760994 -0.013784240 -0.013511986 -0.023585947 0.999535441
1305031111.779423 0.018664321 -0.020041360 -0.233459070 -0.007289490 0.007122181 -0.018888764 0.999769688
1305031111.811406 0.025652159 -0.022031026 -0.232517436 -0.004862672 0.021669241 -0.018340502 0.999585152
1305031111.843299 0.034319323 -0.020190269 -0.232863650 -0.000609235 0.032503515 -0.015471135 0.999351680
1305031111.879442 0.039919060 -0.016928043 -0.229211181 0.000392843 0.040400248 -0.011252447 0.999120116
1305031111.911354 0.046450868 -0.023775535 -0.229795113 -0.000933512 0.040943757 -0.005549241 0.999145627
1305031111.943300 0.064100221 -0.023247886 -0.227901697 0.001279200 0.034119792 0.003136749 0.999412000
1305031111.979449 0.084061280 -0.021197531 -0.228452116 0.003198158 0.033050071 0.010424308 0.999394238
1305031112.011433 0.097504579 -0.020768130 -0.225982055 0.006078810 0.040258616 0.009909241 0.999121666
1305031112.043270 0.115600541 -0.022824151 -0.229453966 0.008690390 0.045441575 0.008393914 0.998893917
1305031112.079339 0.133983314 -0.024548093 -0.229892448 0.010274660 0.054668941 0.009028036 0.998410821
1305031112.111423 0.127730191 -0.020858429 -0.229127422 0.014645286 0.069318347 0.003785989 0.997479916
1305031112.144342 0.149548262 -0.021260813 -0.235900000 0.014617496 0.070769563 -0.002189767 0.997383177
1305031112.179390 0.170755655 -0.017946411 -0.234870642 0.014052484 0.080630109 -0.003615973 0.996638477
1305031112.211254 0.175199255 -0.030609613 -0.232849985 0.009537334 0.092811711 -0.009845092 0.995589316
1305031112.243369 0.187996984 -0.038762979 -0.235713601 0.012593776 0.101600632 -0.014496286 0.994639874
1305031112.279353 0.191642419 -0.037992224 -0.234400734 0.018252719 0.110073745 -0.016737174 0.993614852
1305031112.311312 0.200959951 -0.041854337 -0.234755933 0.023399273 0.112361409 -0.018116038 0.993226647
1305031112.343323 0.210964024 -0.041556932 -0.235313267 0.030308442 0.112684771 -0.016955337 0.993023694
1305031112.379360 0.225984603 -0.036463708 -0.235386267 0.036801051 0.108698070 -0.013114370 0.993306816
1305031112.411442 0.238839746 -0.034317117 -0.236721188 0.040133104 0.105414540 -0.008501401 0.993581831
1305031112.443391 0.247815907 -0.041906539 -0.240926430 0.039801154 0.104242645 -0.003016541 0.993750632
1305031112.479418 0.252528012 -0.041126050 -0.240792900 0.043456625 0.104102887 0.005840285 0.993599534
1305031112.511504 0.258873910 -0.043215729 -0.241244972 0.045149326 0.101037882 0.012861905 0.993774354
1305031112.543212 0.268701822 -0.043462116 -0.241574764 0.047686927 0.097218633 0.016846478 0.993977189
1305031112.579252 0.278115779 -0.041427739 -0.244529709 0.050490092 0.093203031 0.022560189 0.994110167
1305031112.611261 0.296877265 -0.034010310 -0.246683806 0.053227417 0.089023836 0.029402720 0.994171560
1305031112.643246 0.311405838 -0.033291370 -0.247394904 0.051120784 0.091602944 0.038202893 0.993748486
1305031112.679952 0.310495555 -0.036302738 -0.244905144 0.048077073 0.099713594 0.041274592 0.992996573
1305031112.711251 0.311385125 -0.034515731 -0.244180411 0.046534620 0.104715794 0.042857055 0.992487967
1305031112.743245 0.317193449 -0.022002019 -0.243381411 0.046068516 0.106070951 0.047757186 0.992142081
1305031112.779310 0.313940704 -0.029825907 -0.241430074 0.035993509 0.111425549 0.049747150 0.991873980
1305031112.811310 0.299854785 -0.035344578 -0.239255428 0.032125678 0.115414180 0.046879366 0.991690397
1305031112.843286 0.301115870 -0.025372006 -0.238604456 0.033305012 0.108497649 0.046321802 0.992458224
1305031112.879421 0.301274747 -0.025273608 -0.237510949 0.029519945 0.104702570 0.048770864 0.992868245
1305031112.911411 0.291407406 -0.026153941 -0.234784469 0.026710536 0.103430294 0.050408442 0.992999375
1305031112.943321 0.282689393 -0.028345341 -0.233414352 0.024251126 0.099400327 0.048797715 0.993554354
1305031112.979278 0.281252265 -0.027479520 -0.235556483 0.024096714 0.092271216 0.047158960 0.994324625
1305031113.011353 0.275159210 -0.022455037 -0.235959306 0.023890574 0.089025594 0.045992229 0.994680047
1305031113.043231 0.267075151 -0.024482913 -0.235596061 0.018804297 0.087812342 0.043383736 0.995014191
1305031113.079251 0.250444889 -0.035823189 -0.235592455 0.014370071 0.089061253 0.037746027 0.995206892
1305031113.111316 0.240177512 -0.030945130 -0.238751978 0.018319489 0.083788767 0.032156598 0.995796025
1305031113.143306 0.233322263 -0.024514858 -0.241376057 0.017768987 0.079822339 0.030666191 0.996178806
1305031113.179343 0.221362531 -0.030730419 -0.239673108 0.013628690 0.079068124 0.032760702 0.996237516
1305031113.211259 0.204531953 -0.029832006 -0.240231931 0.016005605 0.075175889 0.033985175 0.996462405
1305031113.243227 0.188979730 -0.025123963 -0.243147582 0.015489624 0.069617167 0.033697747 0.996884167
1305031113.279312 0.180241436 -0.034005389 -0.242988706 0.010627390 0.063377969 0.035863500 0.997288346
1305031113.311452 0.160394892 -0.044582956 -0.244253576 0.011975124 0.059089009 0.038467966 0.997439384
1305031113.343252 0.143548340 -0.036783677 -0.243856981 0.019409999 0.050321862 0.036848500 0.997864306
1305031113.379312 0.129812926 -0.034660749 -0.243980810 0.016601689 0.041064624 0.033257362 0.998464823
1305031113.411625 0.119963251 -0.041615270 -0.242880389 0.015300913 0.032484602 0.034203280 0.998769641
1305031113.443266 0.100252301 -0.035981569 -0.241530046 0.019065389 0.028026056 0.027562384 0.999045253
1305031113.479311 0.083396077 -0.032605138 -0.240137964 0.016556183 0.022047035 0.021345323 0.999391913
1305031113.511523 0.066188142 -0.034649186 -0.239230633 0.012104666 0.017200535 0.020243743 0.999573827
1305031113.543242 0.050169423 -0.037030775 -0.238550693 0.009866282 0.012216269 0.016396379 0.999742270
1305031113.579301 0.037867293 -0.032776192 -0.239986792 0.011017869 0.007060208 0.011405543 0.999849319
1305031113.611268 0.026986480 -0.034968015 -0.239428163 0.007036942 0.003566887 0.007291560 0.999942303
1305031113.643222 0.013514785 -0.034535397 -0.236956656 0.004625666 0.004077844 0.003110025 0.999976158
1305031113.679288 -0.000102280 -0.036170889 -0.235787794 0.002889437 0.005183863 0.000082397 0.999982417
1305031113.711931 -0.010833139 -0.037598446 -0.235329166 0.002256002 0.005311310 -0.004996248 0.999970913
1305031113.743590 -0.020549731 -0.036079329 -0.235158756 0.003289926 0.006686329 -0.009859203 0.999923587
1305031113.779320 -0.035866633 -0.038284339 -0.234308019 0.003573681 0.010285859 -0.014252419 0.999839127
1305031113.811237 -0.047965962 -0.036051042 -0.234599262 0.005252720 0.011373248 -0.016283277 0.999788940
1305031113.843295 -0.059955768 -0.034655903 -0.233400896 0.004607751 0.013579580 -0.019530093 0.999706447
1305031113.879281 -0.077080481 -0.040910847 -0.231396273 0.004247816 0.015622923 -0.024204046 0.999575913
1305031113.911290 -0.085132815 -0.036677964 -0.229104266 0.008381112 0.013008903 -0.024430430 0.999581754
1305031113.943291 -0.095625497 -0.036779102 -0.227249533 0.010780499 0.015091750 -0.027526144 0.999449015
1305031113.979293 -0.109563485 -0.035743553 -0.225328803 0.014328605 0.017515453 -0.032798514 0.999205768
1305031114.011257 -0.127350748 -0.033411041 -0.227101728 0.017816301 0.020483488 -0.038052417 0.998906910
1305031114.043301 -0.144318461 -0.033451393 -0.226298824 0.019058604 0.018946361 -0.040689193 0.998810410
1305031114.079285 -0.159173205 -0.035037700 -0.225802571 0.020511163 0.014135490 -0.041064914 0.998845935
1305031114.111263 -0.172861800 -0.029142231 -0.223669589 0.024654893 0.009299723 -0.045870177 0.998599827
1305031114.143284 -0.183408216 -0.028607678 -0.220032617 0.024627013 0.003849495 -0.048927017 0.998491287
1305031114.179337 -0.189537585 -0.033313289 -0.217341647 0.025624160 -0.000287629 -0.050762303 0.998381913
1305031114.211303 -0.203626052 -0.025066942 -0.219616830 0.029372089 0.000604642 -0.054102406 0.998103142
1305031114.243337 -0.220015854 -0.026544087 -0.217487723 0.026314523 -0.000531272 -0.058008887 0.997969091
1305031114.279390 -0.234643817 -0.025222333 -0.214770317 0.026625788 -0.005941725 -0.060105421 0.997819185
1305031114.311429 -0.245563656 -0.023330290 -0.213467985 0.025651976 -0.013989801 -0.060330253 0.997750759
1305031114.343331 -0.250584334 -0.023007073 -0.209361583 0.024849266 -0.021196075 -0.063594185 0.997441292
1305031114.379320 -0.257302225 -0.025419224 -0.209324360 0.023983462 -0.023957770 -0.067772605 0.997124732
1305031114.411397 -0.271332294 -0.024983652 -0.208794340 0.024848228 -0.024093762 -0.072544627 0.996764481
1305031114.443345 -0.283200204 -0.021783572 -0.206524923 0.025666364 -0.027807562 -0.074765369 0.996482909
1305031114.479332 -0.299083680 -0.029738788 -0.208873093 0.021819633 -0.031984925 -0.074563161 0.996464372
1305031114.511266 -0.304150552 -0.026185438 -0.206259683 0.022298301 -0.040803634 -0.077418350 0.995913744
1305031114.543236 -0.304496258 -0.027365575 -0.202548593 0.019299507 -0.046936058 -0.076913662 0.995745361
1305031114.579237 -0.310714215 -0.029014330 -0.201567292 0.017662887 -0.047213096 -0.073309891 0.996034443
1305031114.611391 -0.314377844 -0.027235251 -0.201230109 0.015801417 -0.048446950 -0.070610844 0.996201456
1305031114.644136 -0.322465539 -0.028690817 -0.201189578 0.010435787 -0.050012413 -0.069679320 0.996260345
1305031114.679251 -0.330236077 -0.030915221 -0.199169770 0.007102544 -0.054523654 -0.070291840 0.996009946
1305031114.711306 -0.328867406 -0.032863844 -0.197720841 0.006188166 -0.060260858 -0.069630630 0.995731831
1305031114.743200 -0.330052197 -0.035715416 -0.197408140 0.006223018 -0.063340947 -0.073114842 0.995290637
1305031114.779289 -0.329038948 -0.033218104 -0.198861048 0.009111093 -0.065163374 -0.076781213 0.994874537
1305031114.811303 -0.328845054 -0.030529249 -0.200134903 0.009615741 -0.064675972 -0.077999219 0.994806886
1305031114.843208 -0.326854229 -0.028465390 -0.197361469 0.010365468 -0.065451905 -0.080392681 0.994557977
1305031114.879281 -0.322399676 -0.025241638 -0.197664827 0.010794095 -0.066270791 -0.079859078 0.994542181
1305031114.912879 -0.318724006 -0.022460027 -0.197484806 0.010375194 -0.066796742 -0.080323577 0.994474053
1305031114.943234 -0.310583621 -0.020329814 -0.196858063 0.008449391 -0.067639068 -0.081736892 0.994320214
1305031114.979280 -0.304259956 -0.018663168 -0.196371585 0.006682626 -0.065460257 -0.082566783 0.994410872
1305031115.011300 -0.296520948 -0.013513924 -0.196037084 0.003780401 -0.064655736 -0.083192043 0.994426668
1305031115.043508 -0.284627408 -0.017943354 -0.192219824 -0.001017285 -0.064089336 -0.082658991 0.994514465
1305031115.079238 -0.274854243 -0.014211399 -0.191473782 -0.001326003 -0.061376702 -0.082544394 0.994694710
1305031115.111230 -0.258260846 -0.015655164 -0.189057052 -0.005041749 -0.059577797 -0.080269285 0.994978368
1305031115.143275 -0.247123957 -0.016014934 -0.182114586 -0.005721467 -0.051048316 -0.078362525 0.995600641
1305031115.179440 -0.239366665 -0.016987091 -0.186897755 -0.007816128 -0.047044631 -0.075909346 0.995973647
1305031115.211374 -0.222033098 -0.022562005 -0.179946363 -0.009253311 -0.047292210 -0.072637916 0.996193528
1305031115.243297 -0.209355190 -0.028164279 -0.180332750 -0.006350856 -0.042668499 -0.067896061 0.996759355
1305031115.279966 -0.195418879 -0.022983268 -0.181373790 -0.003753814 -0.040758796 -0.063334472 0.997152627
1305031115.311704 -0.172742024 -0.028858431 -0.171021536 -0.004672904 -0.039697185 -0.056872867 0.997580945
1305031115.343235 -0.156220973 -0.027069997 -0.174066022 -0.000250667 -0.031651162 -0.052866347 0.998099864
1305031115.379166 -0.158521712 -0.017236931 -0.174788475 -0.001340028 -0.022743668 -0.048723008 0.998552442
1305031115.411237 -0.140992746 -0.021941707 -0.168714195 -0.008972725 -0.031452723 -0.045091204 0.998447299
1305031115.443159 -0.119944669 -0.023556447 -0.166721717 -0.012646975 -0.035631295 -0.039014641 0.998523057
1305031115.479241 -0.106145248 -0.021243528 -0.165218592 -0.015731320 -0.035515748 -0.033386528 0.998687387
1305031115.511253 -0.077603959 -0.026303710 -0.161114201 -0.020049239 -0.039406460 -0.028463982 0.998616517
1305031115.543604 -0.062332276 -0.027630018 -0.161919817 -0.019432491 -0.024734728 -0.021631220 0.999271095
1305031115.579315 -0.044797786 -0.029278863 -0.163950875 -0.018931316 -0.014192699 -0.015271608 0.999603391
1305031115.611424 -0.029019695 -0.030435411 -0.163576707 -0.018074779 -0.009133258 -0.009815535 0.999746799
1305031115.643254 -0.011897770 -0.032945059 -0.163915649 -0.017138386 -0.003631217 -0.001635478 0.999845207
1305031115.679241 0.003130472 -0.030090153 -0.163301155 -0.013375379 -0.002049678 0.007621055 0.999879420
1305031115.711320 0.024975916 -0.024876352 -0.164434567 -0.010507673 -0.005562229 0.016108550 0.999799550
1305031115.743250 0.050635636 -0.028374558 -0.166623130 -0.011701819 -0.002489298 0.023388922 0.999654830
1305031115.779425 0.062164616 -0.026297320 -0.166047007 -0.008448709 0.007625835 0.030900238 0.999457717
1305031115.811277 0.079395019 -0.026401725 -0.170472547 -0.008595630 0.014975760 0.039227467 0.999081075
1305031115.843224 0.093025707 -0.026563352 -0.167685017 -0.010486837 0.024278605 0.046949223 0.998547137
1305031115.879198 0.098515145 -0.028384188 -0.166610658 -0.009261805 0.033192053 0.054319084 0.997928858
1305031115.911118 0.114873283 -0.022615241 -0.166865245 -0.004861304 0.034399338 0.059811763 0.997604907
1305031115.943311 0.129299417 -0.026010813 -0.171212390 -0.007563009 0.041080438 0.066485360 0.996912658
1305031115.980740 0.144169599 -0.024573630 -0.170692921 -0.008734517 0.044998769 0.072748519 0.996296346
1305031116.011379 0.162777945 -0.020827120 -0.169315904 -0.009946073 0.051526468 0.076001756 0.995725751
1305031116.043164 0.178533107 -0.023023970 -0.170558274 -0.014707898 0.061832070 0.078886211 0.994855464
1305031116.080030 0.183986992 -0.012495216 -0.168718994 -0.014445614 0.073898345 0.083472267 0.993661284
1305031116.111300 0.195839122 -0.013423452 -0.162344694 -0.021730082 0.082813405 0.086791374 0.992540658
1305031116.143441 0.199995846 -0.014578998 -0.160395905 -0.025781488 0.093430169 0.089618236 0.991249084
1305031116.179572 0.208985180 -0.007864731 -0.157784730 -0.024567170 0.098159358 0.092687473 0.990540326
1305031116.211299 0.218709081 -0.008681477 -0.157890618 -0.029399002 0.103604972 0.096694663 0.989470482
1305031116.243320 0.231040284 -0.016614622 -0.156994253 -0.035647325 0.108489357 0.099706978 0.988442123
1305031116.279385 0.246159464 -0.015224846 -0.158611134 -0.035671908 0.114404798 0.103278473 0.987406969
1305031116.311336 0.245737091 -0.012514899 -0.156118482 -0.037202165 0.126775071 0.107146055 0.985425711
1305031116.343292 0.254886359 -0.021257183 -0.158346623 -0.041575667 0.130740255 0.111410677 0.984259129
1305031116.379384 0.257866204 -0.024092589 -0.159913182 -0.037449118 0.134436369 0.111293256 0.983940125
1305031116.411333 0.264023662 -0.014909392 -0.165483654 -0.029607549 0.134309575 0.114910789 0.983808815
1305031116.443369 0.264913321 -0.010915528 -0.167044178 -0.030020732 0.135796964 0.124537699 0.982419610
1305031116.479850 0.263526797 -0.014721888 -0.166069284 -0.031373926 0.137797922 0.127787605 0.981681049
1305031116.511205 0.262008578 -0.015860382 -0.169874966 -0.029999979 0.136446863 0.124702036 0.982309341
1305031116.543262 0.259881437 -0.016630258 -0.173804641 -0.028482078 0.134998843 0.120239943 0.983110607
1305031116.579313 0.256161332 -0.018522304 -0.180998355 -0.030389845 0.130438417 0.118569039 0.983871758
1305031116.611261 0.228815287 -0.018027086 -0.175226852 -0.028359618 0.134654626 0.110346757 0.984320819
1305031116.643355 0.212896883 -0.018354259 -0.174407154 -0.027074939 0.129625529 0.100150861 0.986120641
1305031116.679281 0.200339407 -0.017849248 -0.173248529 -0.026708990 0.123495877 0.090576693 0.987841725
1305031116.711634 0.189372137 -0.016136663 -0.175576285 -0.025786124 0.118811369 0.081341386 0.989243388
1305031116.743291 0.177464455 -0.012981502 -0.177485585 -0.026111996 0.113539882 0.069817968 0.990733206
1305031116.779298 0.159248576 -0.014484766 -0.175554782 -0.029235248 0.112114631 0.060202744 0.991438925
1305031116.811318 0.139182031 -0.016218062 -0.176903561 -0.029318593 0.111468561 0.052826971 0.991929650
1305031116.846089 0.121386506 -0.015945740 -0.176013261 -0.027611962 0.103868298 0.043437738 0.993258357
1305031116.880165 0.104486465 -0.009141298 -0.173819110 -0.026086027 0.094454862 0.037165493 0.994493067
1305031116.912044 0.086596519 -0.011406740 -0.175007567 -0.026853133 0.084327869 0.031418633 0.995580554
1305031116.943296 0.079775959 -0.010740656 -0.175722420 -0.028423507 0.066676587 0.024484143 0.997069120
1305031116.979351 0.062718108 -0.008708782 -0.176372677 -0.027500790 0.056105386 0.012515004 0.997967601
1305031117.011382 0.050986230 -0.010285991 -0.179690197 -0.027388182 0.043618973 0.002698536 0.998669088
1305031117.043261 0.028456291 0.000162222 -0.176458851 -0.023607511 0.037152298 -0.001898212 0.999028921
1305031117.079520 0.012343583 0.000154894 -0.178237513 -0.026636532 0.029299829 -0.007940403 0.999184132
1305031117.111238 0.001686638 0.005330079 -0.172812074 -0.026905928 0.017724229 -0.009042168 0.999439955
1305031117.143218 -0.013815261 0.008044917 -0.180087388 -0.029353162 0.009775786 -0.011051044 0.999460220
1305031117.179264 -0.023466915 0.010249365 -0.179663450 -0.031943493 0.001728329 -0.016642334 0.999349594
1305031117.211361 -0.022981627 0.012526922 -0.177360713 -0.033442292 -0.007997594 -0.019958254 0.999209344
1305031117.243277 -0.025421945 0.017596537 -0.177881286 -0.035366647 -0.010548439 -0.022031372 0.999075830
1305031117.279299 -0.023859920 0.011805381 -0.176732183 -0.042345691 -0.011613320 -0.025780169 0.998702824
1305031117.311200 -0.029484607 0.008640964 -0.175931558 -0.046725955 -0.008436266 -0.027338430 0.998497963
1305031117.343243 -0.030009499 0.006647082 -0.172192454 -0.048265975 -0.009547851 -0.028215218 0.998390257
1305031117.379454 -0.032908462 0.002908761 -0.173055053 -0.048320778 -0.008514020 -0.028380102 0.998392284
1305031117.411221 -0.034942534 -0.003822890 -0.174333945 -0.048442341 -0.009715168 -0.027531011 0.998399198
1305031117.443274 -0.034577254 -0.003660180 -0.174297437 -0.043968309 -0.011531998 -0.026801176 0.998606801
1305031117.479403 -0.034732636 -0.010754119 -0.175591394 -0.043529131 -0.012646412 -0.025149819 0.998655498
1305031117.511325 -0.034934025 -0.019954726 -0.176050171 -0.041941103 -0.014487073 -0.023367139 0.998741746
1305031117.544285 -0.036105268 -0.022223305 -0.176259980 -0.036049340 -0.015085381 -0.023184169 0.998967171
1305031117.579155 -0.037966609 -0.028357645 -0.176970989 -0.033581756 -0.016038381 -0.024976376 0.998995125
1305031117.611159 -0.039590299 -0.033827625 -0.175014600 -0.032264020 -0.017447595 -0.024336871 0.999030709
1305031117.643252 -0.041810907 -0.041842960 -0.173460931 -0.031144835 -0.018893685 -0.023245772 0.999065876
1305031117.679262 -0.042557709 -0.046866715 -0.172328144 -0.030433109 -0.021589123 -0.022826454 0.999042869
1305031117.711184 -0.040756658 -0.056872297 -0.169185698 -0.031881083 -0.025020974 -0.021177879 0.998953938
1305031117.743184 -0.040138762 -0.066237770 -0.166703314 -0.032190006 -0.027784044 -0.018034214 0.998932719
1305031117.779467 -0.040768005 -0.071720660 -0.163586855 -0.031154187 -0.030156918 -0.016071303 0.998930275
1305031117.811320 -0.039883543 -0.085502759 -0.160574958 -0.034215577 -0.032479756 -0.013789105 0.998791397
1305031117.843291 -0.033782944 -0.094497912 -0.155301124 -0.032120269 -0.034766495 -0.012181814 0.998804867
1305031117.879451 -0.034775075 -0.100159988 -0.153804272 -0.029535796 -0.031330559 -0.012574161 0.998993456
1305031117.911407 -0.037544139 -0.111909226 -0.150446475 -0.029876012 -0.028543668 -0.013253381 0.999058068
1305031117.943253 -0.036469594 -0.120696455 -0.146420509 -0.029299717 -0.027320512 -0.012846177 0.999114633
1305031117.979228 -0.041718561 -0.126401618 -0.144010246 -0.029708017 -0.023545375 -0.013809745 0.999185860
1305031118.011228 -0.040052570 -0.141441986 -0.137434930 -0.033790108 -0.024457440 -0.013427446 0.999039412
1305031118.043521 -0.039280698 -0.151105613 -0.133669689 -0.033102937 -0.023392612 -0.012598235 0.999098718
1305031118.079334 -0.037404448 -0.158488125 -0.130187631 -0.032704435 -0.022799410 -0.013929652 0.999107897
1305031118.111217 -0.035513233 -0.169276372 -0.125737771 -0.032491311 -0.019129544 -0.015242390 0.999172688
1305031118.143256 -0.037367862 -0.177632749 -0.123597302 -0.031099349 -0.014238182 -0.016520031 0.999278367
1305031118.179323 -0.038269069 -0.188114733 -0.119287319 -0.031100409 -0.011099019 -0.018209351 0.999288797
1305031118.211202 -0.042591657 -0.200849056 -0.117266938 -0.029535597 -0.007466022 -0.017388087 0.999384582
1305031118.243173 -0.045816820 -0.208890587 -0.116450779 -0.026090547 -0.007332051 -0.018389091 0.999463558
1305031118.279194 -0.042195484 -0.221756801 -0.112106591 -0.024026489 -0.009065730 -0.018142512 0.999505579
1305031118.311299 -0.043043248 -0.226913482 -0.110947594 -0.016573915 -0.009154754 -0.018519521 0.999649227
1305031118.343324 -0.040623542 -0.230276465 -0.106085397 -0.010867722 -0.009178238 -0.019686002 0.999705017
1305031118.379208 -0.045342829 -0.238640532 -0.106498227 -0.007599237 -0.005727117 -0.021296382 0.999727905
1305031118.411296 -0.047907967 -0.241831452 -0.105379619 -0.004273636 -0.006638900 -0.021459833 0.999738514
1305031118.445692 -0.043793533 -0.245931968 -0.102497317 -0.004462582 -0.008423029 -0.018409640 0.999785066
1305031118.479285 -0.044534232 -0.248520538 -0.101388134 -0.003726787 -0.008660595 -0.016019583 0.999827206
1305031118.511255 -0.041675158 -0.246073231 -0.099904813 -0.001200181 -0.009757820 -0.014757163 0.999842763
1305031118.544414 -0.041281641 -0.242097780 -0.099635899 -0.001755845 -0.008913117 -0.015450761 0.999839365
1305031118.579285 -0.037823986 -0.239452764 -0.097444028 -0.003541196 -0.009041701 -0.015507833 0.999832630
1305031118.616142 -0.039038304 -0.233970836 -0.098594375 -0.003079460 -0.006157540 -0.018288672 0.999809027
1305031118.645325 -0.041788381 -0.224500567 -0.101197883 -0.002629487 -0.002692210 -0.020507790 0.999782622
1305031118.679295 -0.042821322 -0.217875525 -0.103097968 -0.005316970 -0.001131764 -0.022326011 0.999735951
1305031118.711421 -0.042643104 -0.216226175 -0.103671379 -0.007733095 -0.001693006 -0.024871994 0.999659300
1305031118.746770 -0.048122436 -0.205115378 -0.107501321 -0.004567366 -0.002250546 -0.024881395 0.999677479
1305031118.779277 -0.044946600 -0.182269111 -0.112568602 -0.002693294 -0.006823856 -0.025212094 0.999655187
1305031118.811221 -0.041485496 -0.185921356 -0.111658446 -0.010937777 -0.010039319 -0.026305279 0.999543667
1305031118.846753 -0.035878230 -0.177249029 -0.114903532 -0.007297699 -0.012091228 -0.024719378 0.999594629
1305031118.879208 -0.036875889 -0.155873641 -0.122591048 -0.002937285 -0.009059682 -0.026999550 0.999590099
1305031118.911177 -0.036429413 -0.153494164 -0.125459671 -0.008143183 -0.008165831 -0.028475909 0.999527931
1305031118.946974 -0.036899708 -0.140142351 -0.130360588 -0.006082831 -0.006607838 -0.030328849 0.999499619
1305031118.979374 -0.039208103 -0.124580882 -0.135962114 -0.005791689 -0.004779287 -0.034548953 0.999374807
1305031119.011363 -0.040180229 -0.115330212 -0.141161025 -0.009767238 -0.004883589 -0.036629006 0.999269247
1305031119.047172 -0.041271646 -0.106544279 -0.144101426 -0.012100439 -0.005409386 -0.036456887 0.999247313
1305031119.079223 -0.044065159 -0.095425166 -0.150251701 -0.011829435 -0.006916892 -0.036680315 0.999233127
1305031119.111328 -0.046179738 -0.082703076 -0.155824155 -0.010812327 -0.009590637 -0.037332620 0.999198377
1305031119.147616 -0.046985574 -0.072423302 -0.161046550 -0.011190037 -0.013251878 -0.035585806 0.999216080
1305031119.179226 -0.045473356 -0.066472895 -0.163807839 -0.012261258 -0.018250257 -0.035805978 0.999116898
1305031119.211364 -0.044460937 -0.056078393 -0.169457927 -0.009535067 -0.020358043 -0.034573834 0.999149263
1305031119.247399 -0.045065977 -0.045391060 -0.173418120 -0.008567004 -0.021575492 -0.033751074 0.999160647
1305031119.279212 -0.043778136 -0.036668997 -0.178590029 -0.008671397 -0.022899043 -0.033831239 0.999127567
1305031119.311212 -0.045795560 -0.026954489 -0.182009816 -0.008307431 -0.022697298 -0.031239770 0.999219656
1305031119.347741 -0.045799430 -0.019211741 -0.183796272 -0.007519571 -0.024862828 -0.029011859 0.999241531
1305031119.379239 -0.046695724 -0.004095316 -0.186825961 -0.004742954 -0.026583923 -0.029131651 0.999210775
1305031119.411484 -0.041863002 0.002126706 -0.188961416 -0.006634154 -0.028144738 -0.028742261 0.999168515
1305031119.447706 -0.042742562 0.011238895 -0.191686049 -0.006964872 -0.025218932 -0.028389750 0.999254465
1305031119.479267 -0.044169988 0.022204431 -0.194713831 -0.004947837 -0.022656292 -0.028783442 0.999316633
1305031119.511240 -0.045353264 0.032099754 -0.196789145 -0.006134658 -0.021468200 -0.028054109 0.999356985
1305031119.547382 -0.045353860 0.043187980 -0.199878320 -0.006923467 -0.021528261 -0.026680874 0.999388158
1305031119.579559 -0.044740148 0.058436502 -0.201417506 -0.006869213 -0.020432245 -0.026691740 0.999411285
1305031119.615017 -0.045197900 0.064417683 -0.201278105 -0.011720721 -0.018678527 -0.025034247 0.999443352
1305031119.647903 -0.046959508 0.082902901 -0.203341693 -0.010976988 -0.017771611 -0.024268782 0.999487221
1305031119.679208 -0.044911977 0.094397359 -0.203927442 -0.014533482 -0.016087160 -0.026373334 0.999417067
1305031119.715232 -0.046397224 0.102197275 -0.204300344 -0.020477336 -0.011108037 -0.023463227 0.999453247
1305031119.747193 -0.050256476 0.108149759 -0.206257939 -0.024767373 -0.008617941 -0.018464753 0.999485552
1305031119.779169 -0.051466536 0.118693084 -0.205270261 -0.026595645 -0.010026175 -0.015920481 0.999469221
1305031119.814537 -0.048617147 0.128289610 -0.206371307 -0.028172938 -0.012149822 -0.012330535 0.999453127
1305031119.847429 -0.048087917 0.136566341 -0.206088766 -0.030499186 -0.011619804 -0.007461083 0.999439359
1305031119.879214 -0.048335724 0.138573721 -0.206784934 -0.033097975 -0.009754611 -0.007404341 0.999377072
1305031119.911401 -0.051650159 0.158488512 -0.209509730 -0.027838292 -0.006489626 -0.007111010 0.999566078
1305031119.947392 -0.051466074 0.164539889 -0.209708318 -0.032409336 -0.004923872 -0.007033396 0.999437809
1305031119.979537 -0.049758643 0.169588983 -0.211138338 -0.034742903 -0.002489690 -0.008117628 0.999360204
1305031120.015264 -0.051931724 0.183183715 -0.211799920 -0.035427641 0.001287470 -0.005953455 0.999353647
1305031120.047290 -0.057717118 0.178756893 -0.212466598 -0.046060976 0.004710240 -0.004451666 0.998917639
1305031120.079418 -0.058411203 0.179491967 -0.213336036 -0.047636639 0.002579862 -0.002445211 0.998858392
1305031120.115232 -0.059506290 0.183809519 -0.213664189 -0.047808964 0.000782515 -0.000753805 0.998855889
1305031120.148157 -0.056475550 0.178160638 -0.213668227 -0.051998958 -0.001345425 -0.000042644 0.998646200
1305031120.179246 -0.055078886 0.173368126 -0.212703481 -0.052000005 -0.001596857 0.003264335 0.998640478
1305031120.215249 -0.054438811 0.168482482 -0.212477356 -0.048217937 -0.001989613 0.002807246 0.998830914
1305031120.248003 -0.052820090 0.163445711 -0.211730361 -0.044792511 -0.002675154 0.000504199 0.998992622
1305031120.279430 -0.052731574 0.158265978 -0.210880965 -0.041788515 -0.001769280 -0.001235127 0.999124169
1305031120.315196 -0.051527806 0.150299996 -0.208541587 -0.039859824 -0.002035788 -0.003458834 0.999197245
1305031120.347787 -0.052014817 0.142374218 -0.208675981 -0.036546908 -0.000952871 -0.004852866 0.999319673
1305031120.379437 -0.050999302 0.132270530 -0.205314741 -0.035644218 -0.001629910 -0.005636540 0.999347329
1305031120.415445 -0.047781669 0.109915122 -0.200420916 -0.034740034 -0.003708279 -0.005252882 0.999375701
1305031120.447417 -0.046947513 0.107945122 -0.199656487 -0.025290050 -0.004828377 -0.005631892 0.999652624
1305031120.479432 -0.045862764 0.093089759 -0.194867551 -0.024937639 -0.006013842 -0.005155368 0.999657631
1305031120.514819 -0.047886863 0.083450705 -0.190376624 -0.017924553 -0.007042781 -0.003939074 0.999806762
1305031120.547736 -0.047638357 0.073575415 -0.188210353 -0.012257047 -0.010299610 -0.001832655 0.999870121
1305031120.579551 -0.049144447 0.067003958 -0.186065406 -0.008366189 -0.013660242 0.001345348 0.999870777
1305031120.615236 -0.047402337 0.055862296 -0.181216687 -0.005826923 -0.018568667 0.003144480 0.999805629
1305031120.647354 -0.045836747 0.049354736 -0.178751916 -0.000158195 -0.021765219 0.003182770 0.999758005
1305031120.679318 -0.045118455 0.040942129 -0.174785614 0.002045334 -0.023298513 0.004026943 0.999718308
1305031120.714522 -0.044452555 0.031046387 -0.172707319 0.003489034 -0.024011714 0.004424186 0.999695778
1305031120.747369 -0.044552948 0.020610254 -0.168920711 0.003748683 -0.026106831 0.004705193 0.999641061
1305031120.779894 -0.042077601 0.010079438 -0.165271834 0.005182958 -0.029291330 0.004709266 0.999546349
1305031120.814944 -0.042822398 0.004159016 -0.164615378 0.008528943 -0.028963326 0.003784375 0.999536932
1305031120.847921 -0.041902889 -0.004648804 -0.160204411 0.007694358 -0.030250588 0.001917469 0.999510884
1305031120.883435 -0.039866850 -0.016441783 -0.159274936 0.008797955 -0.030302461 0.000334151 0.999502003
1305031120.915444 -0.041072376 -0.021203643 -0.157834619 0.011292486 -0.028235361 -0.001711088 0.999536037
1305031120.947488 -0.040873103 -0.031366687 -0.154645994 0.010487908 -0.028068449 -0.003329041 0.999545395
1305031120.983366 -0.044233762 -0.040367879 -0.153826132 0.011102942 -0.026635515 -0.006405629 0.999563038
1305031121.015019 -0.041541114 -0.050285820 -0.151996881 0.011926804 -0.028457863 -0.007289255 0.999497235
1305031121.047498 -0.042954210 -0.056589022 -0.150925621 0.012972856 -0.027779436 -0.008355739 0.999494970
1305031121.083099 -0.044433091 -0.069912329 -0.149320081 0.012394638 -0.028604958 -0.009657284 0.999467313
1305031121.114696 -0.044177227 -0.077236302 -0.149049968 0.015148402 -0.030014278 -0.009371744 0.999390721
1305031121.147331 -0.045086756 -0.085747346 -0.148135796 0.016721737 -0.030464746 -0.010176691 0.999344170
1305031121.183271 -0.046026781 -0.094814479 -0.147088155 0.018255260 -0.031478088 -0.011108064 0.999275982
1305031121.211420 -0.042695653 -0.104405366 -0.145268038 0.020506945 -0.032333862 -0.011084907 0.999205232
1305031121.247194 -0.046150759 -0.110525116 -0.143685251 0.023032371 -0.029879348 -0.012077441 0.999215126
1305031121.282876 -0.045460425 -0.121926330 -0.141570091 0.021859284 -0.031784866 -0.010264207 0.999202967
1305031121.313568 -0.044322770 -0.133287042 -0.140474066 0.023813972 -0.032168828 -0.009555607 0.999153018
1305031121.347517 -0.047390457 -0.141247287 -0.141528085 0.025335273 -0.032189269 -0.008147708 0.999127448
1305031121.383226 -0.043534748 -0.153391063 -0.137251809 0.025924871 -0.034981869 -0.007797373 0.999021173
1305031121.414318 -0.044054657 -0.160955086 -0.136597291 0.030624606 -0.033729479 -0.008966251 0.998921454
1305031121.447319 -0.044874262 -0.167106062 -0.132649720 0.032493774 -0.033297434 -0.008509746 0.998880863
1305031121.482964 -0.042902678 -0.180769265 -0.131774813 0.032556258 -0.031841651 -0.006923793 0.998938560
1305031121.514107 -0.045715876 -0.184753761 -0.131969497 0.036655083 -0.029455407 -0.005953772 0.998876035
1305031121.547270 -0.045562886 -0.189823195 -0.130298629 0.036040232 -0.029407663 -0.005787471 0.998900771
1305031121.583204 -0.045979150 -0.203586847 -0.124679469 0.033189390 -0.028118990 -0.006583941 0.999031782
1305031121.614700 -0.045510959 -0.210291609 -0.120940290 0.034679919 -0.026694201 -0.007431839 0.999014258
1305031121.647183 -0.044404890 -0.214502871 -0.119202867 0.035979088 -0.022749042 -0.010360037 0.999039888
1305031121.683200 -0.048432641 -0.222639784 -0.118432984 0.033257488 -0.017641880 -0.011495166 0.999224961
1305031121.714520 -0.050360981 -0.230930239 -0.118052483 0.031869289 -0.016589046 -0.009934521 0.999305010
1305031121.747145 -0.051311858 -0.236459404 -0.117174953 0.030021660 -0.015982851 -0.009915645 0.999372303
1305031121.782835 -0.049895704 -0.243903980 -0.113506936 0.027876053 -0.016325438 -0.007692836 0.999448478
1305031121.811540 -0.046786387 -0.248184547 -0.110835418 0.026459889 -0.016195906 -0.005146621 0.999505401
1305031121.847335 -0.049205355 -0.254374862 -0.112531476 0.023532502 -0.013497995 -0.002689711 0.999628305
1305031121.882060 -0.050098937 -0.257167429 -0.112789281 0.021129744 -0.013108296 0.003573445 0.999684453
1305031121.914931 -0.051031850 -0.258118838 -0.112282038 0.019377150 -0.014775656 0.005837894 0.999686003
1305031121.947288 -0.048064575 -0.257968128 -0.110878102 0.019491319 -0.017750680 0.005301014 0.999638379
1305031121.982926 -0.048814189 -0.252528757 -0.111792222 0.020619741 -0.016808329 0.004484368 0.999636054
1305031122.014256 -0.049762953 -0.250145078 -0.112142883 0.019686593 -0.016597126 0.002592679 0.999665082
1305031122.047306 -0.049765911 -0.244111627 -0.113928623 0.021252863 -0.017672393 -0.001284972 0.999617100
1305031122.082959 -0.048772544 -0.237440273 -0.114468336 0.022038603 -0.018460628 -0.004910796 0.999574602
1305031122.114672 -0.050018549 -0.226262540 -0.117816366 0.024371902 -0.017986095 -0.008615669 0.999504030
1305031122.150725 -0.049126603 -0.219275668 -0.119245440 0.023206245 -0.018309720 -0.013676745 0.999469459
1305031122.183042 -0.049908940 -0.209752619 -0.123469815 0.024912365 -0.016452206 -0.019091131 0.999371946
1305031122.214959 -0.050676115 -0.186533794 -0.127640069 0.026107110 -0.014436490 -0.024041839 0.999265730
1305031122.251319 -0.050976045 -0.183749855 -0.127284691 0.018599318 -0.013828315 -0.027365165 0.999356747
1305031122.283560 -0.053971197 -0.170483574 -0.132253960 0.018878799 -0.013490249 -0.029190300 0.999304533
1305031122.314289 -0.053469986 -0.144273490 -0.135949269 0.017840670 -0.016163031 -0.033857204 0.999136686
1305031122.351327 -0.053008348 -0.140652284 -0.136774912 0.009504006 -0.018717173 -0.035535470 0.999147952
1305031122.382630 -0.056553300 -0.128633231 -0.141705975 0.005470936 -0.019386355 -0.036609501 0.999126613
1305031122.414997 -0.056639098 -0.120977998 -0.144262403 0.000947793 -0.024129730 -0.035879597 0.999064326
1305031122.451257 -0.058341492 -0.110164478 -0.150153711 -0.000642647 -0.028162016 -0.035825886 0.998960972
1305031122.483360 -0.057701990 -0.100065291 -0.153387159 -0.003656240 -0.033394519 -0.034998383 0.998822570
1305031122.515097 -0.056536246 -0.089114726 -0.156707793 -0.004599911 -0.037647273 -0.036338307 0.998619556
1305031122.551490 -0.053595167 -0.079106487 -0.160555050 -0.005996301 -0.039396189 -0.038516257 0.998463094
1305031122.583208 -0.053227939 -0.070525631 -0.164063901 -0.007701130 -0.038311057 -0.039312553 0.998462558
1305031122.614980 -0.058407873 -0.061626442 -0.168397427 -0.008159452 -0.036651287 -0.039154004 0.998527408
1305031122.648788 -0.058313180 -0.051963151 -0.172880441 -0.007129512 -0.038818531 -0.038183667 0.998490989
1305031122.683402 -0.058308657 -0.040471405 -0.175881505 -0.006032876 -0.040281836 -0.036377121 0.998507738
1305031122.715208 -0.059979111 -0.030809894 -0.178991020 -0.005921865 -0.042551119 -0.034137852 0.998493314
1305031122.751298 -0.058173090 -0.014692462 -0.181063950 -0.003229748 -0.045712095 -0.034087926 0.998367667
1305031122.783423 -0.056654345 -0.000573670 -0.183928639 -0.005179200 -0.046523701 -0.034883887 0.998294473
1305031122.812555 -0.054995969 0.004360205 -0.184392512 -0.011595311 -0.046285380 -0.035058338 0.998245537
1305031122.851418 -0.049789280 0.015786868 -0.186235026 -0.012315847 -0.044067450 -0.036689647 0.998278618
1305031122.883754 -0.052620325 0.027695589 -0.186781168 -0.013899557 -0.036827412 -0.035917196 0.998579264
1305031122.914571 -0.057606284 0.031110620 -0.188427225 -0.018685000 -0.032545879 -0.035083435 0.998679519
1305031122.951341 -0.058205780 0.037563846 -0.190006614 -0.019899759 -0.031667966 -0.033530787 0.998737633
1305031122.982815 -0.061301403 0.049010850 -0.191796139 -0.020205440 -0.030886928 -0.029882923 0.998871744
1305031123.015450 -0.060190607 0.052788179 -0.193878651 -0.023685925 -0.032490559 -0.027230656 0.998820245
1305031123.051827 -0.058563016 0.059274431 -0.194955245 -0.023024399 -0.032757282 -0.025539104 0.998871684
1305031123.082975 -0.059104443 0.072454318 -0.196567968 -0.020567333 -0.031872854 -0.023124978 0.999012649
1305031123.113873 -0.058258995 0.082707934 -0.198619232 -0.022716900 -0.031185579 -0.020515585 0.999044836
1305031123.150822 -0.058869086 0.089693584 -0.198518068 -0.025633212 -0.030236572 -0.020544048 0.999002814
1305031123.182155 -0.056089476 0.102378905 -0.199257672 -0.026098071 -0.029440757 -0.020197334 0.999021590
1305031123.214704 -0.055837587 0.112487450 -0.199524969 -0.029697398 -0.024544494 -0.020473395 0.999047756
1305031123.250618 -0.056707159 0.126927748 -0.200860947 -0.033206023 -0.020374095 -0.020936126 0.999021471
1305031123.282347 -0.055947952 0.137242854 -0.199251637 -0.040194161 -0.017530620 -0.017926173 0.998877227
1305031123.311327 -0.053096879 0.145637751 -0.197543055 -0.044881433 -0.014899435 -0.016659416 0.998742282
1305031123.350481 -0.053814620 0.153346255 -0.197895572 -0.049697261 -0.010090596 -0.016392408 0.998578846
1305031123.382255 -0.051932842 0.162028000 -0.198406398 -0.054080017 -0.006210091 -0.013059262 0.998431861
1305031123.411363 -0.050545525 0.168018654 -0.198225871 -0.056713298 -0.002296616 -0.009674666 0.998340964
1305031123.451255 -0.052636202 0.177816510 -0.198329285 -0.057372026 0.001272297 -0.008484104 0.998315990
1305031123.483594 -0.050928663 0.188838199 -0.198543191 -0.059404295 0.002282201 -0.003740396 0.998224378
1305031123.511360 -0.050777767 0.191444784 -0.199420214 -0.064445540 0.003902635 0.000014522 0.997913599
1305031123.551513 -0.050806981 0.201912567 -0.200140655 -0.063872375 0.003908731 0.001747874 0.997948885
1305031123.579583 -0.049289495 0.204772145 -0.200419843 -0.068004847 0.003633762 0.005396232 0.997663796
1305031123.611335 -0.045494135 0.216664419 -0.200242683 -0.066406079 0.003502503 0.006546728 0.997765064
1305031123.652411 -0.043729339 0.225309521 -0.201996833 -0.069553085 0.005011912 0.006261043 0.997546017
1305031123.683753 -0.042194989 0.231876761 -0.201556683 -0.073086046 0.008086061 0.008256826 0.997258723
1305031123.711323 -0.041028611 0.240026966 -0.201755673 -0.075791620 0.011216111 0.009721272 0.997013211
1305031123.751723 -0.040814884 0.244678766 -0.202077463 -0.077983566 0.012883720 0.011900101 0.996800363
1305031123.783858 -0.040343393 0.250672579 -0.202238530 -0.077488139 0.012271191 0.013572820 0.996825337
1305031123.811608 -0.039637774 0.251223981 -0.203620806 -0.078945085 0.011774221 0.014471491 0.996704400
1305031123.851444 -0.039722372 0.253199279 -0.203009680 -0.079034060 0.011546617 0.016582290 0.996667147
1305031123.883786 -0.042457525 0.244968683 -0.205617428 -0.082915448 0.011859984 0.017973086 0.996323884
1305031123.911243 -0.040434461 0.238375053 -0.205589950 -0.082900390 0.009581424 0.016296765 0.996378481
1305031123.951442 -0.040313572 0.234858841 -0.206561446 -0.084366836 0.008928859 0.018253710 0.996227503
1305031123.983415 -0.042427618 0.234358847 -0.203198299 -0.083483391 0.007579323 0.019476419 0.996289968
1305031124.011302 -0.043326311 0.229765505 -0.201754391 -0.077733219 0.004181222 0.018784143 0.996788442
1305031124.051505 -0.044285521 0.221405968 -0.201994717 -0.075778469 0.001646043 0.019101614 0.996940374
1305031124.083837 -0.043273944 0.211830005 -0.200257540 -0.077081174 -0.001584189 0.019282416 0.996837080
1305031124.111331 -0.044507582 0.203833848 -0.196139485 -0.070374586 -0.003866279 0.017153777 0.997365654
1305031124.147446 -0.042287119 0.194429606 -0.197578847 -0.067700617 -0.006216912 0.015944770 0.997558892
1305031124.182694 -0.042593930 0.185316607 -0.193725348 -0.067426905 -0.007126947 0.013895999 0.997601986
1305031124.211396 -0.041466095 0.174608067 -0.190104723 -0.061899073 -0.008732005 0.011895567 0.997973323
1305031124.249327 -0.041293073 0.166715860 -0.191809997 -0.057654638 -0.010299657 0.011751435 0.998214304
1305031124.282545 -0.042076916 0.158326089 -0.190020800 -0.057703346 -0.014305589 0.011314428 0.998167157
1305031124.311361 -0.041065667 0.146511063 -0.186119407 -0.054657321 -0.018648924 0.011033712 0.998270035
1305031124.350354 -0.040809236 0.141215727 -0.186933696 -0.048271958 -0.021879744 0.008973835 0.998554230
1305031124.382420 -0.039075755 0.130930975 -0.184448212 -0.045532938 -0.024775613 0.008025515 0.998623312
1305031124.411439 -0.038598180 0.116749600 -0.184157327 -0.042664386 -0.026259691 0.006502518 0.998723149
1305031124.450245 -0.039757129 0.107133418 -0.183700323 -0.035681553 -0.026700398 0.004879783 0.998994529
1305031124.480099 -0.038946699 0.092995264 -0.181860536 -0.031137371 -0.028282773 0.002451351 0.999111891
1305031124.511324 -0.040202968 0.085143402 -0.181318939 -0.024134235 -0.029419335 0.000483740 0.999275625
1305031124.550437 -0.041448768 0.075164407 -0.180363297 -0.019782091 -0.030426851 -0.002463057 0.999338210
1305031124.579404 -0.043016575 0.062998198 -0.179877996 -0.016763641 -0.032081928 -0.005404121 0.999330044
1305031124.611358 -0.041091248 0.050017960 -0.177665636 -0.013025369 -0.035510875 -0.007213337 0.999258339
1305031124.651271 -0.043062892 0.041878726 -0.175411135 -0.008284597 -0.036811754 -0.009514983 0.999242544
1305031124.679362 -0.039773956 0.027694270 -0.172773078 -0.005825221 -0.039920915 -0.010850552 0.999126911
1305031124.711251 -0.038796302 0.017921772 -0.170784518 -0.001501631 -0.040265717 -0.012171449 0.999113739
1305031124.749890 -0.040399555 0.006260944 -0.167628393 0.000548261 -0.039723434 -0.014230720 0.999109209
1305031124.779365 -0.040797565 -0.005436057 -0.165449426 0.003682658 -0.040812414 -0.015243671 0.999043763
1305031124.811360 -0.039007679 -0.017114406 -0.162478000 0.005047098 -0.042641636 -0.014870279 0.998966992
1305031124.850535 -0.038909756 -0.030479170 -0.156998560 0.004548185 -0.044067375 -0.015732182 0.998894334
1305031124.879355 -0.036171988 -0.042965110 -0.153025508 0.006603228 -0.044910610 -0.016853740 0.998826981
1305031124.911448 -0.036873441 -0.049655143 -0.149517462 0.009209153 -0.041972212 -0.017027447 0.998931229
1305031124.950730 -0.037034977 -0.059554517 -0.143429026 0.006818789 -0.040770609 -0.017120345 0.998998582
1305031124.979438 -0.037968025 -0.078998320 -0.138020232 0.005649230 -0.040003218 -0.015494057 0.999063432
1305031125.011454 -0.040421985 -0.088190712 -0.136000738 0.010461692 -0.041715704 -0.014549731 0.998968780
1305031125.050763 -0.037796210 -0.092181377 -0.133088380 0.014117390 -0.044444688 -0.014146414 0.998811901
1305031125.079364 -0.037775539 -0.104361586 -0.128926694 0.012531972 -0.043645512 -0.010476681 0.998913527
1305031125.111364 -0.038832583 -0.117205881 -0.125438362 0.012355910 -0.044657741 -0.009692567 0.998878896
1305031125.151013 -0.038638778 -0.123639092 -0.123916432 0.017100278 -0.044757131 -0.012331801 0.998775423
1305031125.179353 -0.039761670 -0.126512125 -0.123687766 0.018025104 -0.041728687 -0.011271394 0.998902738
1305031125.211320 -0.040452547 -0.141079366 -0.118769825 0.013200309 -0.040567476 -0.010703858 0.999032259
1305031125.250632 -0.042653903 -0.154836342 -0.116908520 0.013560293 -0.039789058 -0.013225436 0.999028563
1305031125.279467 -0.042605557 -0.158632770 -0.116175950 0.017272674 -0.039613977 -0.014334603 0.998962939
1305031125.311493 -0.043147270 -0.168919712 -0.111754462 0.016829083 -0.038037732 -0.013479477 0.999043643
1305031125.348880 -0.045776732 -0.173996955 -0.112526305 0.020937352 -0.035862222 -0.016877379 0.998994827
1305031125.379401 -0.042878598 -0.178295076 -0.108238332 0.021111459 -0.034743667 -0.021003010 0.998952448
1305031125.411335 -0.043638363 -0.183074713 -0.105097875 0.021339441 -0.028308893 -0.021571286 0.999138594
1305031125.451195 -0.045393340 -0.189849600 -0.102535672 0.017983897 -0.022509500 -0.023603929 0.999306142
1305031125.479424 -0.043354917 -0.202244610 -0.101316728 0.016112607 -0.019366456 -0.024369193 0.999385536
1305031125.511316 -0.045912594 -0.202818602 -0.102454394 0.017194675 -0.014555939 -0.025235660 0.999427676
1305031125.551020 -0.044747293 -0.205407038 -0.100418463 0.016253928 -0.011981304 -0.026475843 0.999445498
1305031125.579308 -0.043533713 -0.207771659 -0.099613562 0.014516035 -0.008793803 -0.028231943 0.999457300
1305031125.611533 -0.043927338 -0.214176685 -0.100093596 0.013815157 -0.005585097 -0.027996764 0.999496937
1305031125.650575 -0.047918353 -0.216170236 -0.103708737 0.017758349 -0.004516383 -0.024903150 0.999521911
1305031125.679328 -0.055559624 -0.206812352 -0.109296091 0.023687230 -0.006033747 -0.024731703 0.999395251
1305031125.711443 -0.051804826 -0.207285941 -0.109320253 0.024500096 -0.013005205 -0.023125948 0.999347687
1305031125.751260 -0.050277412 -0.196618915 -0.114348374 0.030448582 -0.015627945 -0.022773987 0.999154627
1305031125.779348 -0.049040668 -0.189562187 -0.116318971 0.030380294 -0.016746748 -0.025255430 0.999078929
1305031125.811573 -0.048009224 -0.180401921 -0.120202444 0.031513505 -0.016050128 -0.027323432 0.999000847
1305031125.847412 -0.048486672 -0.172674596 -0.121450923 0.029600708 -0.014344887 -0.028861457 0.999042034
1305031125.879318 -0.050135352 -0.164866775 -0.126388967 0.029250918 -0.014554033 -0.029239031 0.999038339
1305031125.911305 -0.053788744 -0.152112916 -0.131089866 0.026939586 -0.016542912 -0.028642230 0.999089718
1305031125.947343 -0.057115443 -0.145633310 -0.135160923 0.023472879 -0.022376984 -0.026449032 0.999123991
1305031125.979324 -0.053702570 -0.132544398 -0.133803129 0.024022454 -0.031483166 -0.022689115 0.998957932
1305031126.011333 -0.049438324 -0.118346363 -0.134729922 0.023278162 -0.038162235 -0.022854751 0.998738885
1305031126.047324 -0.045383960 -0.103560247 -0.135640770 0.021363972 -0.040408742 -0.022490092 0.998701632
1305031126.079356 -0.043483704 -0.091778174 -0.135145217 0.017391672 -0.039607402 -0.021852432 0.998824954
1305031126.111370 -0.042664718 -0.083365351 -0.136521935 0.013046879 -0.038728911 -0.021449916 0.998934269
1305031126.147432 -0.042063329 -0.067883290 -0.138487414 0.011809594 -0.037581585 -0.020194456 0.999019682
1305031126.179384 -0.043779846 -0.049217340 -0.139348820 0.008080842 -0.037015069 -0.019199304 0.999097586
1305031126.211319 -0.041572336 -0.043716267 -0.140262365 0.002087352 -0.038104195 -0.018788541 0.999094963
1305031126.247298 -0.038697213 -0.028452571 -0.139663190 0.000271115 -0.038000770 -0.018412542 0.999108016
1305031126.279363 -0.038004227 -0.017102549 -0.140078470 -0.003697749 -0.036308125 -0.019076103 0.999151707
1305031126.311332 -0.035957478 -0.002331026 -0.141019776 -0.006644804 -0.033969969 -0.020560425 0.999189258
1305031126.347363 -0.037073094 0.006676447 -0.142561957 -0.011578911 -0.029338382 -0.021305865 0.999275327
1305031126.379423 -0.037944168 0.017954648 -0.143944904 -0.014716251 -0.026249815 -0.022238573 0.999299705
1305031126.411465 -0.038386770 0.029701274 -0.145847261 -0.018415425 -0.024438713 -0.024522847 0.999230862
1305031126.447361 -0.039296396 0.036123738 -0.147183985 -0.023764612 -0.022616999 -0.022892728 0.999199510
1305031126.479533 -0.041354481 0.044145808 -0.150062010 -0.026440401 -0.022239139 -0.019865083 0.999205530
1305031126.511410 -0.040675253 0.060162120 -0.153106213 -0.027121574 -0.024050355 -0.018071191 0.999179363
1305031126.547374 -0.036612224 0.068319276 -0.152933523 -0.033097934 -0.026036682 -0.017605713 0.998957753
1305031126.579454 -0.036219940 0.077668160 -0.153847873 -0.036793128 -0.023875607 -0.015636714 0.998915255
1305031126.611528 -0.036409613 0.085272126 -0.155858397 -0.041853826 -0.021861399 -0.014057536 0.998785615
1305031126.647376 -0.032763768 0.087406449 -0.156011537 -0.047544215 -0.021622753 -0.011378604 0.998570204
1305031126.679479 -0.033855014 0.094588496 -0.157536834 -0.048430990 -0.018816851 -0.007333515 0.998622298
1305031126.711583 -0.032708164 0.101080939 -0.159293085 -0.050793104 -0.017671879 -0.003607214 0.998546302
1305031126.747316 -0.031711951 0.100365996 -0.161434606 -0.054043937 -0.016197581 -0.000463729 0.998407066
1305031126.779379 -0.030591905 0.108844966 -0.162785500 -0.051627424 -0.015592516 0.001917415 0.998542845
1305031126.811602 -0.027001802 0.112352684 -0.163630813 -0.051990476 -0.014882751 0.003338693 0.998531103
1305031126.847343 -0.025952213 0.113954827 -0.165891677 -0.053262975 -0.011309899 0.003992314 0.998508453
1305031126.879357 -0.025949467 0.119194865 -0.167163342 -0.052371595 -0.009313926 0.004435524 0.998574376
1305031126.911364 -0.024396457 0.120429352 -0.168022379 -0.052654296 -0.007711573 0.004042007 0.998574853
1305031126.947437 -0.025350038 0.123324081 -0.169370383 -0.052441083 -0.006344648 0.005787075 0.998587072
1305031126.979337 -0.024482608 0.122134365 -0.169482499 -0.053347975 -0.007665586 0.006780874 0.998523533
1305031127.011371 -0.024469132 0.120575421 -0.170217767 -0.052671965 -0.008444679 0.007266948 0.998549700
1305031127.047297 -0.023429736 0.121587969 -0.170587257 -0.051565267 -0.009403688 0.008375837 0.998590231
1305031127.079299 -0.024371013 0.120687470 -0.170161709 -0.052085016 -0.009428325 0.008389630 0.998562872
1305031127.111435 -0.026925739 0.117177486 -0.171189994 -0.052940764 -0.010407974 0.008938854 0.998503387
1305031127.147307 -0.028455527 0.114113048 -0.171041250 -0.052095678 -0.013049213 0.009131864 0.998515069
1305031127.179349 -0.027237872 0.114844590 -0.170847878 -0.049154989 -0.016548157 0.008637440 0.998616755
1305031127.211700 -0.025287872 0.113390699 -0.168098554 -0.048368417 -0.018946577 0.008254034 0.998615742
1305031127.247374 -0.025034901 0.107840933 -0.167982489 -0.047958881 -0.018996391 0.007440781 0.998640954
1305031127.279465 -0.025933206 0.108120032 -0.167991087 -0.044797808 -0.018773895 0.006623100 0.998797655
1305031127.311362 -0.027317118 0.105183214 -0.166655526 -0.045322493 -0.019149963 0.005493620 0.998773754
1305031127.347356 -0.026359361 0.098128945 -0.164485782 -0.045302846 -0.021386178 0.004819299 0.998732746
1305031127.379262 -0.027054710 0.098302275 -0.164214194 -0.041918028 -0.022229843 0.004708677 0.998862624
1305031127.411371 -0.028112940 0.097217068 -0.162413821 -0.041209992 -0.022967160 0.003752335 0.998879433
1305031127.447333 -0.029157490 0.090864092 -0.160459682 -0.042108122 -0.023853006 0.003545867 0.998821974
1305031127.479362 -0.029206919 0.092662998 -0.159815624 -0.038958572 -0.024979599 0.002469523 0.998925507
1305031127.511356 -0.031026063 0.091231264 -0.159011364 -0.040124618 -0.025212502 0.001321222 0.998875678
1305031127.547348 -0.029915903 0.086863197 -0.156874597 -0.040848386 -0.026727824 0.001284611 0.998806953
1305031127.579345 -0.031324830 0.086698286 -0.156777203 -0.038857028 -0.026611259 0.000727194 0.998890102
1305031127.611271 -0.031759664 0.088375323 -0.156235218 -0.038189974 -0.026915163 0.000225953 0.998907924
1305031127.647358 -0.029977174 0.083790451 -0.154315829 -0.040582165 -0.028168919 0.001983588 0.998777092
1305031127.679298 -0.030952455 0.083180957 -0.154173985 -0.038731284 -0.028200721 0.002376575 0.998848796
1305031127.711375 -0.032044582 0.084629737 -0.154898033 -0.037588663 -0.028539516 0.001758154 0.998884082
1305031127.747304 -0.030816996 0.081910908 -0.152974278 -0.039516252 -0.029645480 0.002145617 0.998776734
1305031127.779346 -0.030996449 0.079441316 -0.152609482 -0.038965393 -0.029815638 0.002171520 0.998793304
1305031127.811829 -0.032264791 0.081426755 -0.153796479 -0.036556024 -0.029520322 0.001056111 0.998894930
1305031127.847366 -0.032552171 0.079574324 -0.153675109 -0.037575591 -0.029564202 0.000027448 0.998856366
1305031127.879380 -0.033186026 0.077518582 -0.153627887 -0.038255643 -0.029751562 -0.000091327 0.998824954
1305031127.911476 -0.034364056 0.079023965 -0.153287902 -0.037043039 -0.030201180 -0.000807684 0.998856843
1305031127.947366 -0.034610912 0.079286695 -0.153145060 -0.037781969 -0.030935086 -0.000849859 0.998806655
1305031127.979371 -0.035409398 0.079935484 -0.151184082 -0.038499583 -0.031348206 -0.000971016 0.998766303
1305031128.011427 -0.034473553 0.079600938 -0.149924919 -0.039697900 -0.031749994 -0.001293760 0.998706341
1305031128.047369 -0.031141607 0.075400695 -0.147156984 -0.043733232 -0.032468226 0.000722909 0.998515248
1305031128.079334 -0.031221803 0.071632199 -0.145688251 -0.044777263 -0.032179471 0.001594221 0.998477280
1305031128.111391 -0.031987879 0.072869651 -0.144781694 -0.042983204 -0.032004863 0.001916048 0.998561203
1305031128.147418 -0.031961467 0.071845703 -0.143920332 -0.043839850 -0.032088060 0.003415942 0.998517275
1305031128.179350 -0.029777898 0.067156859 -0.141761482 -0.044704169 -0.033141922 0.004866601 0.998438478
1305031128.211447 -0.030938450 0.068458274 -0.142451271 -0.042116817 -0.032485723 0.005017358 0.998571813
1305031128.247480 -0.031593390 0.069990247 -0.142682105 -0.041738693 -0.032644998 0.005291608 0.998581111
1305031128.279336 -0.030787993 0.066821039 -0.141231745 -0.042903077 -0.033375818 0.005477994 0.998506546
1305031128.311483 -0.030910984 0.067706935 -0.141960695 -0.041258413 -0.033397086 0.004765227 0.998578846
1305031128.347423 -0.031256098 0.067679808 -0.141978428 -0.041270051 -0.033410385 0.003918317 0.998581529
1305031128.379404 -0.031988524 0.066660605 -0.141385958 -0.041685045 -0.033558849 0.002129815 0.998564780
1305031128.411337 -0.031254895 0.066222370 -0.141053125 -0.041002098 -0.033970978 0.001013634 0.998580873
1305031128.447296 -0.032780562 0.065960556 -0.142141894 -0.040688384 -0.033312183 -0.000304119 0.998616397
1305031128.479296 -0.033038311 0.065169975 -0.141602442 -0.041115686 -0.033507515 -0.001166707 0.998591721
1305031128.511433 -0.032459557 0.063658968 -0.141967207 -0.041105188 -0.033567399 -0.002111951 0.998588562
1305031128.547399 -0.032510277 0.063158244 -0.142231166 -0.041248366 -0.032959618 -0.002567965 0.998601854
1305031128.579455 -0.031854954 0.060068555 -0.142016321 -0.041881897 -0.032746911 -0.002674776 0.998582184
1305031128.611395 -0.034488529 0.060074255 -0.143439934 -0.040372249 -0.031601585 -0.002631990 0.998681366
1305031128.647352 -0.034640063 0.060768358 -0.143399894 -0.039549842 -0.032931138 -0.002414993 0.998671889
1305031128.679282 -0.033914108 0.058355242 -0.143465802 -0.040139433 -0.034654189 -0.002752304 0.998589158
1305031128.711457 -0.032764770 0.058985066 -0.143786460 -0.038500324 -0.034955990 -0.003718427 0.998640060
1305031128.747363 -0.033560999 0.060675748 -0.144312769 -0.036900915 -0.033556640 -0.004664771 0.998744488
